2013/4/22	113.0	113.0	113.0
2013/4/23	108.13	59.0	163.0
2013/4/24	74.75	15.0	150.0
2013/4/25	39.92	15.0	80.0
2013/4/26	42.71	14.0	110.0
2013/4/27	96.88	25.0	210.0
2013/4/28	50.0	36.0	84.0
2013/4/29	23.5	5.0	41.0
2013/4/30	26.17	4.0	65.0
2013/5/1	55.29	31.0	80.0
2013/5/2	74.79	30.0	176.0
2013/5/3	75.17	35.0	150.0
2013/5/4	76.08	25.0	120.0
2013/5/5	92.88	33.0	195.0
2013/5/6	171.04	100.0	300.0
2013/5/7	188.96	131.0	325.0
2013/5/8	86.92	38.0	173.0
2013/5/9	55.58	34.0	77.0
2013/5/10	31.67	8.0	63.0
2013/5/11	72.58	29.0	148.0
2013/5/12	53.67	2.0	187.0
2013/5/13	63.58	12.0	129.0
2013/5/14	37.88	5.0	85.0
2013/5/15	33.96	5.0	73.0
2013/5/16	75.38	17.0	168.0
2013/5/17	47.18	31.0	85.0
2013/5/18	48.88	21.0	69.0
2013/5/19	49.08	29.0	90.0
2013/5/20	15.71	2.0	45.0
2013/5/21	30.38	8.0	51.0
2013/5/22	59.74	25.0	163.0
2013/5/23	71.42	30.0	153.0
2013/5/24	42.63	11.0	125.0
2013/5/25	75.92	37.0	147.0
2013/5/26	56.25	39.0	75.0
2013/5/27	30.58	14.0	59.0
2013/5/28	23.29	8.0	47.0
2013/5/29	32.83	5.0	97.0
2013/5/30	62.21	21.0	95.0
2013/5/31	66.17	43.0	95.0
2013/6/1	53.54	6.0	112.0
2013/6/2	50.13	1.0	118.0
2013/6/3	44.67	10.0	68.0
2013/6/4	31.88	9.0	68.0
2013/6/5	49.96	13.0	88.0
2013/6/6	32.54	17.0	46.0
2013/6/7	28.0	15.0	43.0
2013/6/8	52.83	27.0	113.0
2013/6/9	57.88	3.0	118.0
2013/6/10	17.58	5.0	32.0
2013/6/11	24.67	9.0	47.0
2013/6/12	27.58	5.0	79.0
2013/6/13	55.46	38.0	81.0
2013/6/14	73.17	52.0	113.0
2013/6/15	40.5	24.0	109.0
2013/6/16	56.38	39.0	85.0
2013/6/17	68.04	25.0	110.0
2013/6/18	83.04	18.0	174.0
2013/6/19	40.67	8.0	106.0
2013/6/20	23.96	6.0	61.0
2013/6/21	33.95	2.0	98.0
2013/6/22	39.88	7.0	107.0
2013/6/23	43.25	2.0	91.0
2013/6/24	30.13	4.0	49.0
2013/6/25	50.67	30.0	72.0
2013/6/26	36.83	5.0	75.0
2013/6/27	50.87	6.0	86.0
2013/6/28	47.67	3.0	104.0
2013/6/29	31.58	11.0	51.0
2013/6/30	28.87	5.0	57.0
2013/7/1	20.91	2.0	45.0
2013/7/2	12.82	1.0	34.0
2013/7/3	26.45	4.0	87.0
2013/7/4	41.23	1.0	114.0
2013/7/5	16.32	1.0	58.0
2013/7/6	44.17	6.0	110.0
2013/7/7	48.71	6.0	104.0
2013/7/8	46.71	18.0	81.0
2013/7/9	47.35	3.0	95.0
2013/7/10	26.09	5.0	49.0
2013/7/11	26.71	1.0	48.0
2013/7/12	39.13	9.0	88.0
2013/7/13	100.22	43.0	193.0
2013/7/14	95.74	56.0	147.0
2013/7/15	18.0	1.0	66.0
2013/7/16	15.95	2.0	33.0
2013/7/17	35.79	5.0	71.0
2013/7/18	31.25	6.0	95.0
2013/7/19	24.26	1.0	55.0
2013/7/20	28.75	1.0	60.0
2013/7/21	16.96	2.0	51.0
2013/7/22	47.45	28.0	64.0
2013/7/23	39.63	21.0	58.0
2013/7/24	25.91	8.0	49.0
2013/7/25	17.79	4.0	48.0
2013/7/26	38.26	8.0	84.0
2013/7/27	55.42	18.0	97.0
2013/7/28	21.41	1.0	41.0
2013/7/29	28.75	22.0	35.0
2013/8/23	23.38	7.0	50.0
2013/8/24	55.04	4.0	150.0
2013/8/25	44.67	12.0	74.0
2013/8/26	15.46	3.0	33.0
2013/8/27	47.39	12.0	182.0
2013/8/28	34.25	16.0	64.0
2013/8/29	27.67	5.0	66.0
2013/8/30	17.35	6.0	43.0
2013/8/31	30.29	2.0	113.0
2013/9/1	27.13	4.0	63.0
2013/9/2	32.46	17.0	56.0
2013/9/3	38.25	8.0	93.0
2013/9/4	49.67	16.0	112.0
2013/9/5	48.54	16.0	95.0
2013/9/6	39.83	19.0	77.0
2013/9/7	66.88	29.0	134.0
2013/9/8	61.13	23.0	91.0
2013/9/9	50.71	30.0	60.0
2013/9/10	60.96	16.0	105.0
2013/9/11	33.88	7.0	74.0
2013/9/12	47.71	26.0	64.0
2013/9/13	75.75	32.0	150.0
2013/9/14	36.83	6.0	84.0
2013/9/15	17.71	5.0	44.0
2013/9/16	35.25	15.0	78.0
2013/9/17	59.54	38.0	84.0
2013/9/18	100.79	76.0	140.0
2013/9/19	81.33	43.0	144.0
2013/9/20	51.83	7.0	102.0
2013/9/21	42.75	13.0	90.0
2013/9/22	45.96	28.0	79.0
2013/9/23	24.88	10.0	46.0
2013/9/24	23.38	6.0	106.0
2013/9/25	43.17	7.0	137.0
2013/9/26	58.67	21.0	122.0
2013/9/27	52.54	20.0	100.0
2013/9/28	60.21	29.0	114.0
2013/9/29	65.38	28.0	109.0
2013/9/30	152.13	84.0	297.0
2013/10/1	83.33	6.0	210.0
2013/10/2	18.13	2.0	41.0
2013/10/3	22.61	2.0	75.0
2013/10/4	68.08	39.0	104.0
2013/10/5	90.67	40.0	176.0
2013/10/6	163.17	60.0	253.0
2013/10/7	41.0	4.0	103.0
2013/10/8	52.09	20.0	130.0
2013/10/9	102.63	64.0	162.0
2013/10/10	62.25	38.0	82.0
2013/10/11	31.33	7.0	80.0
2013/10/12	56.71	4.0	129.0
2013/10/13	62.29	21.0	144.0
2013/10/14	18.33	5.0	49.0
2013/10/15	20.75	7.0	53.0
2013/10/16	96.5	49.0	196.0
2013/10/17	140.29	52.0	203.0
2013/10/18	76.75	39.0	141.0
2013/10/19	76.04	51.0	101.0
2013/10/20	154.33	80.0	289.0
2013/10/21	253.57	209.0	300.0
2013/10/22	232.83	164.0	321.0
2013/10/23	55.13	6.0	241.0
2013/10/24	24.83	11.0	59.0
2013/10/25	58.46	22.0	140.0
2013/10/26	111.42	45.0	163.0
2013/10/27	104.71	90.0	136.0
2013/10/28	114.42	44.0	209.0
2013/10/29	37.08	14.0	118.0
2013/10/30	97.96	30.0	229.0
2013/10/31	137.63	65.0	223.0
2013/11/1	145.63	79.0	196.0
2013/11/2	149.88	117.0	176.0
2013/11/3	127.67	39.0	195.0
2013/11/4	73.33	20.0	157.0
2013/11/5	65.21	47.0	117.0
2013/11/6	99.83	9.0	198.0
2013/11/7	24.04	3.0	56.0
2013/11/8	44.0	21.0	78.0
2013/11/9	45.63	7.0	108.0
2013/11/10	31.29	5.0	94.0
2013/11/11	32.79	12.0	49.0
2013/11/12	64.83	25.0	112.0
2013/11/13	66.08	26.0	134.0
2013/11/14	52.65	22.0	116.0
2013/11/15	96.29	48.0	155.0
2013/11/16	87.71	27.0	165.0
2013/11/17	26.17	8.0	50.0
2013/11/18	25.17	14.0	43.0
2013/11/19	31.54	11.0	101.0
2013/11/20	68.45	27.0	115.0
2013/11/21	112.83	54.0	199.0
2013/11/22	110.45	55.0	179.0
2013/11/23	191.38	94.0	275.0
2013/11/24	194.13	18.0	289.0
2013/11/25	30.17	3.0	71.0
2013/11/26	44.25	10.0	126.0
2013/11/27	15.96	7.0	27.0
2013/11/28	39.42	11.0	76.0
2013/11/29	53.33	25.0	94.0
2013/11/30	62.04	21.0	146.0
2013/12/1	99.17	46.0	143.0
2013/12/2	103.58	56.0	173.0
2013/12/3	107.21	49.0	195.0
2013/12/4	74.63	15.0	148.0
2013/12/5	45.25	9.0	123.0
2013/12/6	92.88	38.0	185.0
2013/12/7	130.21	59.0	335.0
2013/12/8	129.71	70.0	273.0
2013/12/9	81.83	45.0	112.0
2013/12/10	120.57	46.0	245.0
2013/12/11	41.79	20.0	102.0
2013/12/12	41.29	13.0	101.0
2013/12/13	36.67	7.0	103.0
2013/12/14	45.29	17.0	118.0
2013/12/15	62.54	23.0	156.0
2013/12/16	156.79	68.0	264.0
2013/12/17	205.75	139.0	262.0
2013/12/18	171.75	110.0	247.0
2013/12/19	79.88	42.0	119.0
2013/12/20	57.22	37.0	99.0
2013/12/21	105.67	47.0	190.0
2013/12/22	273.42	170.0	375.0
2013/12/23	307.17	130.0	583.0
2013/12/24	244.75	144.0	383.0
2013/12/25	237.92	63.0	348.0
2013/12/26	47.71	20.0	95.0
2013/12/27	136.58	40.0	275.0
2013/12/28	218.0	56.0	460.0
2013/12/29	101.54	43.0	224.0
2013/12/30	112.79	62.0	149.0
2013/12/31	53.04	13.0	90.0
2014/1/1	34.58	14.0	104.0
2014/1/2	51.22	21.0	108.0
2014/1/3	44.46	23.0	69.0
2014/1/4	136.33	41.0	279.0
2014/1/5	98.96	49.0	173.0
2014/1/6	127.79	42.0	253.0
2014/1/7	58.42	17.0	136.0
2014/1/8	26.5	10.0	80.0
2014/1/9	82.54	26.0	141.0
2014/1/10	97.65	38.0	188.0
2014/1/11	104.61	35.0	165.0
2014/1/12	36.14	12.0	60.0
2014/1/13	127.36	53.0	302.0
2014/1/14	166.74	57.0	342.0
2014/1/15	97.96	48.0	144.0
2014/1/16	179.56	102.0	343.0
2014/1/17	151.83	104.0	282.0
2014/1/18	83.96	48.0	152.0
2014/1/19	121.0	47.0	199.0
2014/1/20	95.79	55.0	126.0
2014/1/21	123.48	54.0	182.0
2014/1/22	132.42	70.0	226.0
2014/1/23	74.33	58.0	92.0
2014/1/24	112.79	67.0	175.0
2014/1/25	82.04	15.0	226.0
2014/1/26	63.88	33.0	139.0
2014/1/27	43.96	15.0	79.0
2014/1/28	29.13	9.0	62.0
2014/1/29	42.71	18.0	62.0
2014/1/30	53.54	16.0	170.0
2014/1/31	174.63	40.0	553.0
2014/2/1	114.14	74.0	169.0
2014/2/2	49.43	10.0	129.0
2014/2/3	19.79	11.0	37.0
2014/2/4	48.29	13.0	110.0
2014/2/5	107.29	28.0	245.0
2014/2/6	74.58	33.0	136.0
2014/2/7	86.67	54.0	194.0
2014/2/8	69.25	33.0	119.0
2014/2/9	55.21	24.0	87.0
2014/2/10	75.92	37.0	151.0
2014/2/11	110.71	59.0	193.0
2014/2/12	114.13	59.0	191.0
2014/2/13	131.25	60.0	233.0
2014/2/14	118.79	79.0	181.0
2014/2/15	164.88	91.0	244.0
2014/2/16	81.75	46.0	167.0
2014/2/17	88.29	29.0	119.0
2014/2/18	56.35	35.0	89.0
2014/2/19	62.13	30.0	95.0
2014/2/20	90.13	47.0	170.0
2014/2/21	190.75	149.0	242.0
2014/2/22	122.79	39.0	186.0
2014/2/23	166.88	126.0	251.0
2014/2/24	227.25	186.0	286.0
2014/2/25	208.29	167.0	239.0
2014/2/26	120.29	73.0	159.0
2014/2/27	32.54	13.0	139.0
2014/2/28	62.42	29.0	144.0
2014/3/1	53.83	13.0	101.0
2014/3/2	65.79	32.0	130.0
2014/3/3	104.58	61.0	137.0
2014/3/4	46.74	18.0	87.0
2014/3/5	34.92	16.0	72.0
2014/3/6	24.58	10.0	63.0
2014/3/7	50.29	12.0	102.0
2014/3/8	59.46	36.0	98.0
2014/3/9	38.13	15.0	101.0
2014/3/10	77.17	43.0	152.0
2014/3/11	84.46	42.0	151.0
2014/3/12	28.38	10.0	71.0
2014/3/13	107.0	69.0	163.0
2014/3/14	141.75	62.0	281.0
2014/3/15	47.92	14.0	103.0
2014/3/16	66.67	14.0	137.0
2014/3/17	90.83	37.0	164.0
2014/3/18	48.5	27.0	77.0
2014/3/19	49.25	23.0	93.0
2014/3/20	28.17	7.0	60.0
2014/3/21	87.35	30.0	156.0
2014/3/22	90.42	48.0	133.0
2014/3/23	126.38	57.0	243.0
2014/3/24	100.67	47.0	174.0
2014/3/25	125.58	58.0	206.0
2014/3/26	172.38	132.0	226.0
2014/3/27	192.21	86.0	288.0
2014/3/28	91.96	40.0	167.0
2014/3/29	86.96	29.0	195.0
2014/3/30	80.79	36.0	141.0
2014/3/31	48.21	21.0	108.0
2014/4/1	103.38	80.0	132.0
2014/4/2	58.79	20.0	132.0
2014/4/3	23.79	13.0	52.0
2014/4/4	43.29	19.0	103.0
2014/4/5	26.13	4.0	54.0
2014/4/6	44.96	17.0	81.0
2014/4/7	74.29	23.0	108.0
2014/4/8	116.88	71.0	182.0
2014/4/9	75.71	28.0	117.0
2014/4/10	48.29	22.0	83.0
2014/4/11	65.0	25.0	135.0
2014/4/12	137.56	112.0	163.0
2014/4/13	98.1	59.0	149.0
2014/4/14	115.17	64.0	191.0
2014/4/15	40.46	16.0	167.0
2014/4/16	55.78	31.0	101.0
2014/4/17	59.25	27.0	111.0
2014/4/18	34.04	12.0	55.0
2014/4/19	50.5	35.0	68.0
2014/4/20	46.83	18.0	105.0
2014/4/21	66.79	17.0	167.0
2014/4/22	60.33	26.0	101.0
2014/4/23	116.42	50.0	398.0
2014/4/24	99.96	46.0	139.0
2014/4/25	67.94	15.0	296.0
2014/4/26	42.71	32.0	59.0
2014/4/27	39.08	9.0	83.0
2014/4/28	41.75	15.0	73.0
2014/4/29	92.54	45.0	135.0
2014/4/30	84.83	40.0	156.0
2014/5/1	89.26	58.0	136.0
2014/5/2	35.45	10.0	89.0
2014/5/3	33.79	11.0	73.0
2014/5/4	16.38	6.0	25.0
2014/5/5	30.21	12.0	42.0
2014/5/6	49.76	34.0	71.0
2014/5/7	30.13	20.0	43.0
2014/5/8	43.63	6.0	142.0
2014/5/9	69.04	22.0	128.0
2014/5/10	59.77	22.0	113.0
2014/5/12	26.71	8.0	51.0
2014/5/13	92.67	51.0	132.0
2014/5/14	33.04	13.0	114.0
2014/5/15	27.33	15.0	57.0
2014/5/16	46.75	11.0	138.0
2014/5/17	53.58	22.0	99.0
2014/5/18	50.63	16.0	77.0
2014/5/19	61.38	37.0	135.0
2014/5/20	71.29	27.0	128.0
2014/5/21	88.75	40.0	152.0
2014/5/22	89.7	26.0	174.0
2014/5/23	81.33	62.0	106.0
2014/5/24	63.04	2.0	177.0
2014/5/25	36.0	3.0	144.0
2014/5/26	29.63	4.0	120.0
2014/5/27	45.71	9.0	104.0
2014/5/28	23.04	6.0	62.0
2014/5/29	57.75	29.0	127.0
2014/5/30	67.33	17.0	169.0
2014/5/31	90.04	48.0	164.0
2014/6/1	91.79	54.0	113.0
2014/6/2	57.87	21.0	103.0
2014/6/3	42.29	20.0	79.0
2014/6/4	72.13	40.0	145.0
2014/6/5	54.38	34.0	91.0
2014/6/6	47.21	18.0	112.0
2014/6/7	43.96	26.0	71.0
2014/6/8	41.23	23.0	59.0
2014/6/9	41.04	11.0	68.0
2014/6/10	47.65	29.0	72.0
2014/6/11	84.23	24.0	338.0
2014/6/12	57.91	21.0	124.0
2014/6/13	41.85	22.0	77.0
2014/6/14	68.36	27.0	198.0
2014/6/15	72.73	18.0	153.0
2014/6/16	120.17	50.0	196.0
2014/6/17	97.5	50.0	230.0
2014/6/18	81.7	1.0	171.0
2014/6/19	48.92	20.0	75.0
2014/6/20	62.29	24.0	95.0
2014/6/21	104.28	30.0	597.0
2014/6/22	52.58	2.0	229.0
2014/6/23	70.05	24.0	462.0
2014/6/24	53.29	6.0	111.0
2014/6/25	53.63	28.0	109.0
2014/6/26	42.29	12.0	59.0
2014/6/27	26.54	2.0	87.0
2014/6/28	29.71	1.0	66.0
2014/6/29	48.92	30.0	83.0
2014/6/30	70.5	39.0	116.0
2014/7/1	67.04	23.0	146.0
2014/7/2	40.21	5.0	96.0
2014/7/3	84.92	55.0	122.0
2014/7/4	78.75	46.0	110.0
2014/7/5	67.77	22.0	171.0
2014/7/7	52.5	48.0	57.0
2014/7/8	53.85	21.0	100.0
2014/7/9	40.11	17.0	85.0
2014/7/10	15.15	8.0	30.0
2014/7/11	13.17	2.0	32.0
2014/7/12	28.45	7.0	63.0
2014/7/13	41.08	17.0	70.0
2014/7/14	73.0	36.0	128.0
2014/7/15	69.21	27.0	109.0
2014/7/16	34.63	10.0	66.0
2014/7/17	42.18	10.0	72.0
2014/7/18	69.5	33.0	108.0
2014/7/19	102.67	57.0	143.0
2014/7/20	76.13	39.0	100.0
2014/7/21	43.9	4.0	65.0
2014/7/22	17.82	5.0	50.0
2014/7/23	34.3	1.0	68.0
2014/7/24	40.71	9.0	77.0
2014/7/25	59.08	43.0	77.0
2014/7/26	127.54	66.0	165.0
2014/7/27	143.75	94.0	184.0
2014/7/28	66.17	39.0	97.0
2014/7/29	47.42	30.0	63.0
2014/7/30	38.92	19.0	64.0
2014/7/31	53.75	38.0	75.0
2014/8/1	20.67	5.0	43.0
2014/8/2	30.35	4.0	69.0
2014/8/3	31.63	3.0	62.0
2014/8/4	14.68	1.0	34.0
2014/8/5	16.74	2.0	73.0
2014/8/6	34.1	1.0	116.0
2014/8/7	43.63	11.0	74.0
2014/8/8	48.13	13.0	97.0
2014/8/9	32.42	5.0	70.0
2014/8/10	39.79	14.0	87.0
2014/8/11	41.46	19.0	77.0
2014/8/12	23.35	5.0	45.0
2014/8/13	27.13	4.0	78.0
2014/8/14	29.91	7.0	56.0
2014/8/15	54.63	25.0	79.0
2014/8/16	61.08	24.0	106.0
2014/8/17	71.08	32.0	98.0
2014/8/18	101.46	57.0	153.0
2014/8/19	59.91	27.0	104.0
2014/8/20	82.63	31.0	149.0
2014/8/21	107.08	69.0	162.0
2014/8/22	150.04	8.0	269.0
2014/8/23	73.0	17.0	150.0
2014/8/24	47.13	17.0	72.0
2014/8/25	31.83	2.0	74.0
2014/8/26	45.5	8.0	103.0
2014/8/27	38.46	11.0	70.0
2014/8/28	52.78	30.0	83.0
2014/8/29	60.0	10.0	166.0
2014/8/30	45.63	8.0	96.0
2014/8/31	64.21	12.0	130.0
2014/9/1	47.71	18.0	104.0
2014/9/2	30.1	2.0	60.0
2014/9/3	21.24	3.0	47.0
2014/9/4	36.48	6.0	112.0
2014/9/5	61.35	1.0	178.0
2014/9/6	75.92	20.0	131.0
2014/9/7	97.58	68.0	141.0
2014/9/8	17.0	1.0	38.0
2014/9/9	23.58	1.0	69.0
2014/9/10	46.46	7.0	102.0
2014/9/11	40.67	4.0	99.0
2014/9/12	30.13	6.0	87.0
2014/9/13	54.83	12.0	122.0
2014/9/14	23.17	3.0	58.0
2014/9/15	37.05	2.0	86.0
2014/9/16	44.17	6.0	101.0
2014/9/17	57.35	14.0	107.0
2014/9/18	73.92	48.0	105.0
2014/9/19	60.25	28.0	88.0
2014/9/20	46.33	24.0	97.0
2014/9/21	44.38	11.0	78.0
2014/9/22	96.95	35.0	177.0
2014/9/23	63.08	7.0	140.0
2014/9/24	17.0	6.0	37.0
2014/9/25	47.42	8.0	118.0
2014/9/26	45.67	14.0	78.0
2014/9/27	27.71	1.0	80.0
2014/9/28	70.38	27.0	151.0
2014/9/29	26.7	3.0	89.0
2014/9/30	23.38	7.0	51.0
2014/10/1	70.5	47.0	94.0
2014/10/2	39.67	17.0	101.0
2014/10/3	47.83	13.0	126.0
2014/10/4	69.96	18.0	141.0
2014/10/5	82.71	19.0	164.0
2014/10/6	46.38	19.0	131.0
2014/10/7	73.29	33.0	119.0
2014/10/8	96.21	66.0	125.0
2014/10/9	102.13	79.0	152.0
2014/10/10	190.88	76.0	285.0
2014/10/11	90.63	42.0	280.0
2014/10/12	19.95	5.0	58.0
2014/10/13	70.91	39.0	150.0
2014/10/14	154.42	74.0	220.0
2014/10/15	68.5	8.0	143.0
2014/10/16	33.79	15.0	83.0
2014/10/17	63.88	23.0	139.0
2014/10/18	104.38	83.0	156.0
2014/10/19	63.96	15.0	113.0
2014/10/20	80.78	12.0	200.0
2014/10/21	177.67	75.0	264.0
2014/10/22	195.5	86.0	269.0
2014/10/23	106.29	78.0	179.0
2014/10/24	114.42	95.0	132.0
2014/10/25	132.42	78.0	252.0
2014/10/26	36.67	7.0	226.0
2014/10/27	62.08	14.0	163.0
2014/10/28	160.96	61.0	269.0
2014/10/29	182.0	84.0	306.0
2014/10/30	168.38	58.0	422.0
2014/10/31	558.26	441.0	725.0
2014/11/1	281.58	65.0	652.0
2014/11/2	32.13	12.0	61.0
2014/11/3	68.33	33.0	137.0
2014/11/4	77.92	47.0	109.0
2014/11/5	66.88	12.0	102.0
2014/11/6	54.92	10.0	123.0
2014/11/7	122.88	55.0	195.0
2014/11/8	142.33	65.0	230.0
2014/11/9	127.63	53.0	201.0
2014/11/10	152.71	91.0	223.0
2014/11/11	86.54	18.0	221.0
2014/11/12	28.71	16.0	51.0
2014/11/13	61.42	17.0	137.0
2014/11/14	78.29	36.0	153.0
2014/11/15	176.58	81.0	356.0
2014/11/16	184.46	95.0	386.0
2014/11/17	136.91	83.0	207.0
2014/11/18	156.83	88.0	227.0
2014/11/19	125.83	62.0	188.0
2014/11/20	88.75	44.0	129.0
2014/11/21	139.25	59.0	239.0
2014/11/22	116.79	48.0	249.0
2014/11/23	108.58	58.0	155.0
2014/11/24	65.04	21.0	135.0
2014/11/25	181.79	99.0	280.0
2014/11/26	62.75	38.0	130.0
2014/11/27	51.75	18.0	85.0
2014/11/28	129.5	68.0	254.0
2014/11/29	196.13	62.0	296.0
2014/11/30	90.29	62.0	180.0
2014/12/1	32.25	11.0	62.0
2014/12/2	29.5	17.0	56.0
2014/12/3	29.71	16.0	51.0
2014/12/4	28.79	18.0	57.0
2014/12/5	48.33	24.0	124.0
2014/12/6	42.63	26.0	111.0
2014/12/7	183.71	112.0	295.0
2014/12/8	80.21	42.0	237.0
2014/12/9	129.29	30.0	281.0
2014/12/10	77.54	32.0	128.0
2014/12/11	79.54	39.0	125.0
2014/12/12	100.29	27.0	260.0
2014/12/13	49.33	21.0	106.0
2014/12/14	213.5	109.0	350.0
2014/12/15	178.04	65.0	321.0
2014/12/16	40.88	18.0	101.0
2014/12/17	57.71	16.0	155.0
2014/12/18	181.67	26.0	364.0
2014/12/19	49.63	27.0	103.0
2014/12/20	63.13	26.0	121.0
2014/12/21	82.08	34.0	195.0
2014/12/22	143.21	50.0	292.0
2014/12/23	104.13	42.0	178.0
2014/12/24	69.71	41.0	135.0
2014/12/25	122.75	52.0	266.0
2014/12/26	253.79	42.0	462.0
2014/12/27	112.79	73.0	157.0
2014/12/28	130.13	70.0	205.0
2014/12/29	224.46	158.0	344.0
2014/12/30	67.54	24.0	110.0
2014/12/31	28.0	13.0	39.0
2015/1/1	40.75	26.0	59.0
2015/1/2	50.17	30.0	83.0
2015/1/3	51.39	25.0	92.0
2015/1/4	117.11	52.0	189.0
2015/1/5	78.08	16.0	165.0
2015/1/6	34.96	12.0	106.0
2015/1/7	42.63	18.0	75.0
2015/1/8	186.54	127.0	271.0
2015/1/9	238.92	137.0	441.0
2015/1/10	158.71	37.0	303.0
2015/1/11	108.42	51.0	190.0
2015/1/12	206.96	80.0	344.0
2015/1/13	140.17	49.0	236.0
2015/1/14	183.08	112.0	219.0
2015/1/15	187.71	129.0	254.0
2015/1/16	83.48	28.0	182.0
2015/1/17	61.79	28.0	90.0
2015/1/18	97.54	61.0	166.0
2015/1/19	95.29	41.0	236.0
2015/1/20	229.63	65.0	330.0
2015/1/21	141.33	93.0	210.0
2015/1/22	349.58	226.0	445.0
2015/1/23	218.42	62.0	448.0
2015/1/24	126.58	29.0	237.0
2015/1/25	187.79	106.0	235.0
2015/1/26	79.54	15.0	184.0
2015/1/27	45.33	16.0	179.0
2015/1/28	164.04	52.0	373.0
2015/1/29	130.38	40.0	224.0
2015/1/30	35.13	17.0	69.0
2015/1/31	139.25	46.0	384.0
2015/2/1	187.21	126.0	268.0
2015/2/2	183.04	97.0	273.0
2015/2/3	154.96	71.0	223.0
2015/2/4	92.92	27.0	219.0
2015/2/5	102.88	54.0	208.0
2015/2/6	103.42	61.0	182.0
2015/2/7	24.92	14.0	45.0
2015/2/8	37.58	16.0	64.0
2015/2/9	86.71	34.0	134.0
2015/2/10	120.38	44.0	232.0
2015/2/11	77.5	24.0	205.0
2015/2/12	39.13	19.0	88.0
2015/2/13	82.39	49.0	135.0
2015/2/14	128.82	74.0	212.0
2015/2/15	341.5	299.0	395.0
2015/2/16	181.38	56.0	323.0
2015/2/17	63.46	44.0	95.0
2015/2/18	86.35	31.0	259.0
2015/2/19	338.96	71.0	932.0
2015/2/20	56.67	14.0	217.0
2015/2/21	56.54	19.0	126.0
2015/2/22	187.75	35.0	345.0
2015/2/23	32.0	16.0	67.0
2015/2/24	85.0	27.0	188.0
2015/2/25	71.13	19.0	144.0
2015/2/26	30.58	10.0	88.0
2015/2/27	50.92	27.0	90.0
2015/2/28	84.67	21.0	202.0
2015/3/1	55.08	16.0	111.0
2015/3/2	91.83	21.0	152.0
2015/3/3	25.71	12.0	55.0
2015/3/4	28.88	19.0	52.0
2015/3/5	75.88	42.0	122.0
2015/3/6	54.78	42.0	81.0
2015/3/7	120.29	52.0	248.0
2015/3/8	68.38	23.0	139.0
2015/3/9	20.79	10.0	32.0
2015/3/10	33.42	21.0	67.0
2015/3/11	46.58	17.0	99.0
2015/3/12	40.46	14.0	99.0
2015/3/13	58.59	18.0	93.0
2015/3/14	86.96	53.0	117.0
2015/3/15	67.13	34.0	108.0
2015/3/16	93.67	61.0	137.0
2015/3/17	56.17	27.0	123.0
2015/3/18	88.21	29.0	142.0
2015/3/19	88.5	29.0	156.0
2015/3/20	131.0	68.0	202.0
2015/3/21	85.33	14.0	177.0
2015/3/22	40.09	17.0	199.0
2015/3/23	50.83	28.0	98.0
2015/3/24	130.04	54.0	232.0
2015/3/25	116.75	62.0	168.0
2015/3/26	91.54	68.0	138.0
2015/3/27	96.75	74.0	132.0
2015/3/28	105.29	84.0	144.0
2015/3/29	149.63	109.0	200.0
2015/3/30	89.25	49.0	169.0
2015/3/31	67.83	33.0	112.0
2015/4/1	57.08	22.0	97.0
2015/4/2	71.17	21.0	143.0
2015/4/3	70.08	35.0	98.0
2015/4/4	54.43	32.0	98.0
2015/4/5	61.79	24.0	116.0
2015/4/6	29.29	15.0	70.0
2015/4/7	32.83	19.0	63.0
2015/4/8	76.5	44.0	120.0
2015/4/9	77.46	55.0	96.0
2015/4/10	94.04	65.0	156.0
2015/4/11	97.54	41.0	130.0
2015/4/12	63.08	22.0	84.0
2015/4/13	79.5	52.0	107.0
2015/4/14	82.63	47.0	130.0
2015/4/15	98.17	69.0	144.0
2015/4/16	38.25	10.0	67.0
2015/4/17	67.7	40.0	115.0
2015/4/18	99.75	39.0	193.0
2015/4/19	48.58	37.0	62.0
2015/4/20	57.92	14.0	121.0
2015/4/21	83.96	35.0	143.0
2015/4/22	79.0	33.0	197.0
2015/4/23	43.63	27.0	60.0
2015/4/24	41.88	8.0	96.0
2015/4/25	70.0	47.0	107.0
2015/4/26	96.17	58.0	174.0
2015/4/27	64.42	30.0	85.0
2015/4/28	48.33	23.0	91.0
2015/4/29	58.54	36.0	92.0
2015/4/30	53.08	34.0	84.0
2015/5/1	52.08	30.0	79.0
2015/5/2	55.06	29.0	83.0
2015/5/3	48.29	5.0	94.0
2015/5/4	19.33	8.0	32.0
2015/5/5	66.17	27.0	133.0
2015/5/6	41.33	6.0	132.0
2015/5/7	51.5	26.0	134.0
2015/5/8	25.83	18.0	42.0
2015/5/9	34.38	21.0	51.0
2015/5/10	58.21	32.0	91.0
2015/5/11	41.93	27.0	55.0
2015/5/12	18.45	7.0	59.0
2015/5/13	69.21	37.0	173.0
2015/5/14	35.88	12.0	77.0
2015/5/15	24.04	8.0	48.0
2015/5/16	41.67	9.0	84.0
2015/5/17	69.19	13.0	103.0
2015/5/18	33.71	10.0	58.0
2015/5/19	22.0	4.0	81.0
2015/5/20	20.21	5.0	36.0
2015/5/21	54.0	35.0	77.0
2015/5/22	50.0	29.0	80.0
2015/5/23	47.29	25.0	65.0
2015/5/24	54.08	33.0	69.0
2015/5/25	58.63	34.0	95.0
2015/5/26	64.0	37.0	94.0
2015/5/27	90.38	40.0	123.0
2015/5/28	26.88	16.0	59.0
2015/5/29	45.63	24.0	97.0
2015/5/30	28.46	5.0	113.0
2015/5/31	47.46	19.0	107.0
2015/6/1	46.5	6.0	71.0
2015/6/2	24.88	6.0	47.0
2015/6/3	27.08	9.0	63.0
2015/6/4	42.71	25.0	59.0
2015/6/5	31.58	21.0	58.0
2015/6/6	39.0	16.0	57.0
2015/6/7	41.83	6.0	98.0
2015/6/8	26.58	2.0	48.0
2015/6/9	42.59	3.0	94.0
2015/6/10	43.79	23.0	73.0
2015/6/11	15.46	4.0	35.0
2015/6/12	31.46	2.0	101.0
2015/6/13	52.67	15.0	92.0
2015/6/14	53.08	15.0	109.0
2015/6/15	60.61	21.0	117.0
2015/6/16	57.71	21.0	122.0
2015/6/17	43.54	15.0	82.0
2015/6/18	31.29	6.0	65.0
2015/6/19	25.83	7.0	40.0
2015/6/20	35.5	10.0	65.0
2015/6/21	60.88	16.0	101.0
2015/6/22	48.13	16.0	155.0
2015/6/23	33.08	6.0	54.0
2015/6/24	31.0	12.0	48.0
2015/6/25	40.08	20.0	61.0
2015/6/26	78.79	39.0	189.0
2015/6/27	74.17	30.0	155.0
2015/6/28	55.88	26.0	89.0
2015/6/29	28.35	1.0	64.0
2015/6/30	36.5	9.0	100.0
2015/7/1	14.18	2.0	31.0
2015/7/2	19.85	4.0	62.0
2015/7/3	31.74	2.0	84.0
2015/7/4	47.96	20.0	88.0
2015/7/5	31.5	6.0	67.0
2015/7/6	41.92	16.0	61.0
2015/7/7	50.38	21.0	115.0
2015/7/8	48.88	12.0	117.0
2015/7/9	52.75	31.0	83.0
2015/7/10	23.65	9.0	47.0
2015/7/11	30.0	6.0	69.0
2015/7/12	69.92	29.0	108.0
2015/7/13	24.39	2.0	50.0
2015/7/14	42.35	20.0	76.0
2015/7/15	20.93	1.0	40.0
2015/7/16	20.17	2.0	41.0
2015/7/17	17.43	2.0	39.0
2015/7/18	57.17	5.0	150.0
2015/7/19	25.7	2.0	87.0
2015/7/20	40.3	6.0	80.0
2015/7/21	37.6	2.0	88.0
2015/8/16	77.14	37.0	98.0
2015/8/17	69.48	29.0	115.0
2015/8/18	73.38	23.0	120.0
2015/8/19	59.63	15.0	101.0
2015/8/20	38.5	5.0	72.0
2015/8/21	25.32	7.0	53.0
2015/8/22	23.79	11.0	41.0
2015/8/23	27.88	6.0	52.0
2015/8/24	25.57	8.0	48.0
2015/8/25	23.56	1.0	58.0
2015/8/26	10.3	4.0	31.0
2015/8/27	15.09	1.0	28.0
2015/8/28	19.09	3.0	40.0
2015/8/29	14.62	2.0	32.0
2015/8/30	24.71	5.0	45.0
2015/8/31	43.71	25.0	94.0
2015/9/1	31.71	2.0	57.0
2015/9/2	36.74	11.0	95.0
2015/9/3	32.67	5.0	99.0
2015/9/4	15.46	1.0	37.0
2015/9/5	9.63	2.0	19.0
2015/9/6	17.5	2.0	100.0
2015/9/7	46.83	20.0	95.0
2015/9/8	49.38	15.0	86.0
2015/9/9	31.46	6.0	74.0
2015/9/10	9.55	1.0	20.0
2015/9/11	16.7	3.0	28.0
2015/9/12	11.86	3.0	30.0
2015/9/13	24.75	12.0	45.0
2015/9/14	34.04	21.0	48.0
2015/9/15	49.79	23.0	80.0
2015/9/16	56.08	35.0	85.0
2015/9/17	55.58	19.0	91.0
2015/9/18	79.58	30.0	119.0
2015/9/19	26.83	3.0	67.0
2015/9/20	50.25	9.0	135.0
2015/9/21	36.67	22.0	67.0
2015/9/22	20.67	7.0	39.0
2015/9/23	33.38	10.0	80.0
2015/9/24	37.63	14.0	66.0
2015/9/25	77.0	36.0	127.0
2015/9/26	75.46	22.0	182.0
2015/9/27	32.54	4.0	84.0
2015/9/28	37.17	3.0	160.0
2015/9/29	66.54	9.0	152.0
2015/9/30	84.21	30.0	195.0
2015/10/1	15.67	2.0	42.0
2015/10/2	14.71	3.0	41.0
2015/10/3	24.71	3.0	129.0
2015/10/4	70.38	48.0	109.0
2015/10/5	70.75	32.0	112.0
2015/10/6	100.42	68.0	149.0
2015/10/7	66.25	27.0	98.0
2015/10/8	16.08	7.0	31.0
2015/10/9	24.67	6.0	50.0
2015/10/10	21.46	9.0	51.0
2015/10/11	16.63	3.0	58.0
2015/10/12	43.58	7.0	74.0
2015/10/13	54.91	11.0	171.0
2015/10/14	114.33	49.0	194.0
2015/10/15	98.67	72.0	158.0
2015/10/16	110.13	84.0	166.0
2015/10/17	79.42	26.0	114.0
2015/10/18	31.38	5.0	123.0
2015/10/19	85.79	45.0	155.0
2015/10/20	64.79	14.0	189.0
2015/10/21	104.58	52.0	187.0
2015/10/22	140.0	74.0	215.0
2015/10/23	99.3	44.0	172.0
2015/10/24	62.54	15.0	231.0
2015/10/25	238.54	139.0	316.0
2015/10/26	162.58	42.0	473.0
2015/10/27	22.22	8.0	39.0
2015/10/28	30.08	5.0	67.0
2015/10/29	28.83	11.0	55.0
2015/10/30	31.96	12.0	86.0
2015/10/31	83.96	31.0	122.0
2015/11/1	106.63	35.0	162.0
2015/11/2	161.29	53.0	286.0
2015/11/3	167.63	82.0	298.0
2015/11/4	88.63	48.0	144.0
2015/11/5	93.63	15.0	229.0
2015/11/6	166.71	114.0	263.0
2015/11/7	350.29	289.0	405.0
2015/11/8	661.33	326.0	864.0
2015/11/9	345.04	266.0	451.0
2015/11/10	191.08	85.0	318.0
2015/11/11	138.17	89.0	213.0
2015/11/12	177.38	95.0	250.0
2015/11/13	137.92	69.0	217.0
2015/11/14	102.29	28.0	222.0
2015/11/15	109.25	30.0	214.0
2015/11/16	97.58	35.0	190.0
2015/11/17	107.54	45.0	193.0
2015/11/18	122.43	100.0	162.0
2015/11/19	99.75	74.0	176.0
2015/11/20	67.67	53.0	80.0
2015/11/21	95.79	64.0	137.0
2015/11/22	109.04	75.0	132.0
2015/11/23	56.33	33.0	94.0
2015/11/24	51.63	25.0	73.0
2015/11/25	67.79	45.0	90.0
2015/11/26	42.79	26.0	66.0
2015/11/27	85.71	54.0	166.0
2015/11/28	149.17	48.0	246.0
2015/11/29	154.63	93.0	224.0
2015/11/30	117.04	75.0	224.0
2015/12/1	96.5	21.0	228.0
2015/12/2	37.46	16.0	69.0
2015/12/3	33.88	13.0	57.0
2015/12/4	43.5	12.0	75.0
2015/12/5	38.25	9.0	82.0
2015/12/6	112.0	55.0	176.0
2015/12/7	190.79	157.0	270.0
2015/12/8	167.96	94.0	250.0
2015/12/9	82.63	59.0	98.0
2015/12/10	78.21	47.0	158.0
2015/12/11	93.5	71.0	133.0
2015/12/12	197.79	120.0	283.0
2015/12/13	210.92	172.0	256.0
2015/12/14	244.46	180.0	338.0
2015/12/15	60.88	16.0	218.0
2015/12/16	31.87	17.0	51.0
2015/12/17	49.54	24.0	81.0
2015/12/18	75.5	21.0	174.0
2015/12/19	131.71	58.0	259.0
2015/12/20	57.25	34.0	108.0
2015/12/21	170.48	50.0	272.0
2015/12/22	266.92	214.0	339.0
2015/12/23	166.29	47.0	263.0
2015/12/24	48.71	29.0	78.0
2015/12/25	102.88	64.0	160.0
2015/12/26	55.88	17.0	121.0
2015/12/27	118.63	30.0	355.0
2015/12/28	141.88	74.0	241.0
2015/12/29	164.0	117.0	228.0
2015/12/30	177.75	121.0	211.0
2015/12/31	258.88	152.0	435.0
