2013/1/1	15.83	7.0	32.0
2013/1/2	18.63	13.0	27.0
2013/1/3	25.08	13.0	42.0
2013/1/4	85.5	33.0	205.0
2013/1/5	61.17	29.0	176.0
2013/1/6	139.96	30.0	413.0
2013/1/7	146.17	33.0	333.0
2013/1/8	118.83	11.0	402.0
2013/1/9	61.92	15.0	305.0
2013/1/10	248.29	56.0	488.0
2013/1/11	361.25	146.0	456.0
2013/1/12	568.57	174.0	886.0
2013/1/13	416.26	236.0	731.0
2013/1/14	299.5	68.0	523.0
2013/1/15	114.96	58.0	227.0
2013/1/16	112.0	25.0	269.0
2013/1/17	75.79	19.0	285.0
2013/1/18	276.83	82.0	603.0
2013/1/19	189.42	71.0	371.0
2013/1/20	107.25	53.0	169.0
2013/1/21	147.83	72.0	198.0
2013/1/22	198.88	37.0	453.0
2013/1/23	378.08	255.0	439.0
2013/1/24	19.42	10.0	32.0
2013/1/25	73.96	31.0	135.0
2013/1/26	161.38	94.0	229.0
2013/1/27	312.96	258.0	387.0
2013/1/28	406.38	348.0	510.0
2013/1/29	429.78	316.0	526.0
2013/1/30	277.92	199.0	315.0
2013/1/31	173.5	111.0	276.0
2013/2/1	34.58	9.0	155.0
2013/2/2	49.08	9.0	114.0
2013/2/3	188.88	126.0	239.0
2013/2/4	37.54	12.0	217.0
2013/2/5	93.42	49.0	156.0
2013/2/6	93.75	5.0	234.0
2013/2/7	12.67	6.0	27.0
2013/2/8	60.33	9.0	174.0
2013/2/9	188.58	71.0	512.0
2013/2/10	59.83	10.0	419.0
2013/2/11	65.29	17.0	124.0
2013/2/12	119.13	38.0	197.0
2013/2/13	315.04	229.0	392.0
2013/2/14	70.3	7.0	374.0
2013/2/15	40.54	11.0	77.0
2013/2/16	145.38	75.0	271.0
2013/2/17	124.04	8.0	296.0
2013/2/18	22.38	9.0	52.0
2013/2/19	32.96	5.0	90.0
2013/2/20	83.42	8.0	140.0
2013/2/21	212.67	66.0	339.0
2013/2/22	85.08	8.0	322.0
2013/2/23	149.0	54.0	426.0
2013/2/24	332.88	240.0	532.0
2013/2/25	159.46	111.0	226.0
2013/2/26	216.42	143.0	415.0
2013/2/27	245.71	23.0	415.0
2013/2/28	221.13	6.0	525.0
2013/3/1	10.5	4.0	27.0
2013/3/2	48.83	8.0	157.0
2013/3/3	101.0	19.0	162.0
2013/3/4	25.09	4.0	80.0
2013/3/5	183.42	98.0	302.0
2013/3/6	226.04	187.0	267.0
2013/3/7	318.46	195.0	516.0
2013/3/8	222.17	87.0	410.0
2013/3/9	64.46	10.0	141.0
2013/3/10	42.13	15.0	88.0
2013/3/11	126.58	94.0	164.0
2013/3/12	147.21	67.0	194.0
2013/3/13	22.04	10.0	71.0
2013/3/14	112.78	75.0	182.0
2013/3/15	257.54	174.0	405.0
2013/3/16	265.22	199.0	347.0
2013/3/17	351.29	216.0	541.0
2013/3/18	52.71	6.0	517.0
2013/3/19	56.17	22.0	105.0
2013/3/20	64.92	28.0	119.0
2013/3/21	157.63	91.0	224.0
2013/3/22	64.5	14.0	166.0
2013/3/23	55.17	5.0	97.0
2013/3/24	23.33	9.0	71.0
2013/3/25	113.65	74.0	150.0
2013/3/26	196.54	110.0	240.0
2013/3/27	92.71	15.0	204.0
2013/3/28	37.08	7.0	120.0
2013/3/29	95.92	58.0	127.0
2013/3/30	94.58	72.0	122.0
2013/3/31	200.46	105.0	259.0
2013/4/1	95.67	6.0	259.0
2013/4/2	116.78	13.0	176.0
2013/4/3	123.46	32.0	243.0
2013/4/4	83.29	38.0	122.0
2013/4/5	61.5	8.0	122.0
2013/4/6	15.13	5.0	36.0
2013/4/7	79.96	43.0	126.0
2013/4/8	19.29	10.0	59.0
2013/4/9	11.42	6.0	22.0
2013/4/10	12.46	6.0	26.0
2013/4/11	18.91	5.0	49.0
2013/4/12	51.71	29.0	74.0
2013/4/13	59.25	8.0	132.0
2013/4/14	30.83	4.0	63.0
2013/4/15	68.43	42.0	102.0
2013/4/16	61.32	27.0	96.0
2013/4/17	47.13	27.0	72.0
2013/4/18	11.79	4.0	41.0
2013/4/19	54.63	28.0	77.0
2013/4/20	78.54	63.0	105.0
2013/4/21	130.88	89.0	164.0
2013/4/22	171.58	114.0	236.0
2013/4/23	206.29	134.0	275.0
2013/4/24	78.88	4.0	241.0
2013/4/25	17.25	5.0	95.0
2013/4/26	72.42	38.0	115.0
2013/4/27	72.71	45.0	122.0
2013/4/28	71.71	11.0	96.0
2013/4/29	30.04	11.0	81.0
2013/4/30	21.42	9.0	70.0
2013/5/1	45.71	24.0	83.0
2013/5/2	82.92	52.0	103.0
2013/5/3	64.13	44.0	96.0
2013/5/4	86.63	54.0	139.0
2013/5/5	186.29	134.0	284.0
2013/5/6	214.29	82.0	320.0
2013/5/7	178.96	127.0	251.0
2013/5/8	124.29	35.0	272.0
2013/5/9	49.71	17.0	73.0
2013/5/10	48.75	9.0	116.0
2013/5/11	53.21	17.0	115.0
2013/5/12	48.92	10.0	122.0
2013/5/13	104.5	50.0	264.0
2013/5/14	62.83	15.0	196.0
2013/5/15	67.5	37.0	126.0
2013/5/16	68.75	37.0	124.0
2013/5/17	108.8	71.0	132.0
2013/5/18	85.88	29.0	162.0
2013/5/19	54.5	13.0	102.0
2013/5/20	48.63	16.0	118.0
2013/5/21	101.54	65.0	153.0
2013/5/22	62.71	29.0	98.0
2013/5/23	87.08	29.0	164.0
2013/5/24	115.54	29.0	249.0
2013/5/25	63.83	32.0	86.0
2013/5/26	103.46	47.0	143.0
2013/5/27	76.54	55.0	111.0
2013/5/28	83.39	44.0	122.0
2013/5/29	20.42	9.0	42.0
2013/5/30	59.38	37.0	91.0
2013/5/31	91.63	44.0	117.0
2013/6/1	73.17	22.0	151.0
2013/6/2	155.71	60.0	244.0
2013/6/3	131.79	53.0	189.0
2013/6/4	129.88	71.0	203.0
2013/6/5	146.96	69.0	225.0
2013/6/6	153.75	99.0	207.0
2013/6/7	137.17	94.0	165.0
2013/6/8	174.79	134.0	221.0
2013/6/9	56.75	12.0	169.0
2013/6/10	32.21	16.0	48.0
2013/6/11	61.96	20.0	107.0
2013/6/12	67.96	24.0	113.0
2013/6/13	107.42	75.0	134.0
2013/6/14	108.17	70.0	143.0
2013/6/15	125.71	69.0	203.0
2013/6/16	174.46	131.0	209.0
2013/6/17	35.83	8.0	101.0
2013/6/18	53.71	23.0	86.0
2013/6/19	51.5	16.0	94.0
2013/6/20	91.95	30.0	212.0
2013/6/21	77.58	28.0	165.0
2013/6/22	59.79	37.0	108.0
2013/6/23	68.83	32.0	113.0
2013/6/24	108.79	45.0	248.0
2013/6/25	127.38	50.0	189.0
2013/6/26	157.75	86.0	277.0
2013/6/27	92.71	26.0	184.0
2013/6/28	294.46	25.0	466.0
2013/6/29	104.42	34.0	186.0
2013/6/30	180.42	101.0	270.0
2013/7/1	143.29	41.0	199.0
2013/7/2	17.46	9.0	32.0
2013/7/3	31.83	14.0	56.0
2013/7/4	28.29	13.0	69.0
2013/7/5	23.13	9.0	39.0
2013/7/6	60.96	26.0	119.0
2013/7/7	92.38	37.0	216.0
2013/7/8	91.29	56.0	150.0
2013/7/9	83.29	32.0	164.0
2013/7/10	36.83	25.0	51.0
2013/7/11	41.25	29.0	62.0
2013/7/12	72.71	44.0	128.0
2013/7/13	107.71	59.0	140.0
2013/7/14	87.5	59.0	162.0
2013/7/15	62.5	38.0	96.0
2013/7/16	26.63	8.0	66.0
2013/7/17	49.96	32.0	79.0
2013/7/18	134.96	77.0	175.0
2013/7/19	123.58	94.0	166.0
2013/7/20	98.63	14.0	170.0
2013/7/21	70.88	42.0	94.0
2013/7/22	100.61	70.0	124.0
2013/7/23	43.33	18.0	83.0
2013/7/24	40.0	12.0	80.0
2013/7/25	33.29	17.0	74.0
2013/7/26	55.33	32.0	74.0
2013/7/27	111.46	76.0	179.0
2013/7/28	58.38	20.0	178.0
2013/7/29	69.25	38.0	106.0
2013/7/30	99.83	51.0	142.0
2013/7/31	44.13	18.0	106.0
2013/8/1	46.58	31.0	76.0
2013/8/2	69.13	32.0	107.0
2013/8/3	34.75	18.0	76.0
2013/8/4	82.33	21.0	169.0
2013/8/5	45.42	34.0	62.0
2013/8/6	125.46	69.0	177.0
2013/8/7	31.38	16.0	48.0
2013/8/8	32.29	17.0	59.0
2013/8/9	37.33	22.0	65.0
2013/8/10	88.88	39.0	132.0
2013/8/11	122.29	47.0	208.0
2013/8/12	54.25	38.0	82.0
2013/8/13	78.04	36.0	96.0
2013/8/14	62.46	29.0	88.0
2013/8/15	106.0	61.0	179.0
2013/8/16	106.67	55.0	155.0
2013/8/17	38.88	13.0	157.0
2013/8/18	15.83	9.0	27.0
2013/8/19	25.79	8.0	48.0
2013/8/20	94.3	57.0	123.0
2013/8/21	100.96	61.0	140.0
2013/8/22	121.24	97.0	144.0
2013/8/23	58.33	5.0	150.0
2013/8/24	39.38	11.0	85.0
2013/8/25	43.79	26.0	101.0
2013/8/26	54.21	13.0	121.0
2013/8/27	53.67	33.0	67.0
2013/8/28	76.21	37.0	124.0
2013/8/29	32.0	7.0	124.0
2013/8/30	16.8	6.0	36.0
2013/8/31	24.63	10.0	55.0
2013/9/1	49.13	30.0	76.0
2013/9/2	60.33	29.0	89.0
2013/9/3	101.71	66.0	133.0
2013/9/4	78.88	31.0	160.0
2013/9/5	25.92	11.0	62.0
2013/9/6	80.29	55.0	132.0
2013/9/7	81.71	20.0	142.0
2013/9/8	108.42	33.0	225.0
2013/9/9	87.58	53.0	138.0
2013/9/10	67.17	9.0	142.0
2013/9/11	72.21	24.0	113.0
2013/9/12	150.79	46.0	213.0
2013/9/13	108.23	50.0	198.0
2013/9/14	69.0	12.0	151.0
2013/9/15	24.0	8.0	45.0
2013/9/16	60.5	26.0	113.0
2013/9/17	103.67	84.0	179.0
2013/9/18	115.54	90.0	151.0
2013/9/19	123.75	103.0	153.0
2013/9/20	65.13	7.0	156.0
2013/9/21	51.42	32.0	83.0
2013/9/22	95.67	38.0	161.0
2013/9/23	38.83	6.0	162.0
2013/9/24	14.67	7.0	36.0
2013/9/25	18.13	7.0	47.0
2013/9/26	59.96	20.0	187.0
2013/9/27	193.71	113.0	298.0
2013/9/28	246.83	207.0	289.0
2013/9/29	226.63	204.0	286.0
2013/9/30	147.75	84.0	228.0
2013/10/1	71.46	10.0	170.0
2013/10/2	19.54	5.0	46.0
2013/10/3	61.04	36.0	96.0
2013/10/4	168.17	47.0	403.0
2013/10/5	306.0	229.0	395.0
2013/10/6	213.42	143.0	365.0
2013/10/7	91.29	15.0	196.0
2013/10/8	63.5	32.0	97.0
2013/10/9	146.5	92.0	247.0
2013/10/10	81.58	8.0	207.0
2013/10/11	59.29	19.0	158.0
2013/10/12	70.46	47.0	106.0
2013/10/13	57.33	33.0	91.0
2013/10/14	37.83	8.0	103.0
2013/10/15	23.29	5.0	67.0
2013/10/16	64.04	26.0	174.0
2013/10/17	162.83	95.0	224.0
2013/10/18	248.17	218.0	302.0
2013/10/19	68.0	12.0	273.0
2013/10/20	29.58	11.0	66.0
2013/10/21	100.17	69.0	146.0
2013/10/22	147.82	73.0	193.0
2013/10/23	25.75	11.0	58.0
2013/10/24	23.75	9.0	45.0
2013/10/25	47.29	23.0	110.0
2013/10/26	73.38	34.0	215.0
2013/10/27	228.54	107.0	407.0
2013/10/28	314.33	269.0	402.0
2013/10/29	29.88	7.0	144.0
2013/10/30	98.79	37.0	165.0
2013/10/31	167.38	112.0	280.0
2013/11/1	217.0	139.0	311.0
2013/11/2	286.79	195.0	388.0
2013/11/3	47.46	6.0	326.0
2013/11/4	53.25	19.0	158.0
2013/11/5	203.46	135.0	304.0
2013/11/6	113.67	6.0	270.0
2013/11/7	44.5	7.0	164.0
2013/11/8	162.71	109.0	217.0
2013/11/9	96.88	6.0	179.0
2013/11/10	19.33	3.0	78.0
2013/11/11	41.63	14.0	103.0
2013/11/12	62.5	14.0	150.0
2013/11/13	198.29	90.0	296.0
2013/11/14	66.04	14.0	235.0
2013/11/15	118.38	67.0	272.0
2013/11/16	47.33	5.0	216.0
2013/11/17	13.83	6.0	48.0
2013/11/18	11.71	6.0	20.0
2013/11/19	42.22	10.0	116.0
2013/11/20	77.63	19.0	174.0
2013/11/21	131.0	43.0	232.0
2013/11/22	174.17	54.0	383.0
2013/11/23	221.7	107.0	394.0
2013/11/24	93.96	15.0	347.0
2013/11/25	24.08	11.0	96.0
2013/11/26	26.21	7.0	97.0
2013/11/27	7.42	3.0	13.0
2013/11/28	27.17	2.0	94.0
2013/11/29	59.54	19.0	128.0
2013/11/30	34.71	12.0	109.0
2013/12/1	84.71	28.0	161.0
2013/12/2	136.58	69.0	233.0
2013/12/3	89.75	28.0	225.0
2013/12/4	112.75	41.0	187.0
2013/12/5	49.29	9.0	162.0
2013/12/6	164.92	81.0	330.0
2013/12/7	348.5	156.0	480.0
2013/12/8	214.42	11.0	435.0
2013/12/9	19.46	6.0	68.0
2013/12/10	27.25	7.0	64.0
2013/12/11	30.79	5.0	89.0
2013/12/12	22.71	6.0	61.0
2013/12/13	69.54	30.0	144.0
2013/12/14	62.92	17.0	125.0
2013/12/15	59.38	15.0	271.0
2013/12/16	183.38	66.0	331.0
2013/12/17	77.5	11.0	302.0
2013/12/18	56.29	10.0	214.0
2013/12/19	41.25	8.0	152.0
2013/12/20	36.5	15.0	117.0
2013/12/21	91.29	17.0	267.0
2013/12/22	181.21	52.0	348.0
2013/12/23	145.75	29.0	384.0
2013/12/24	316.75	201.0	457.0
2013/12/25	170.13	13.0	329.0
2013/12/26	14.63	11.0	18.0
2013/12/27	32.63	9.0	126.0
2013/12/28	21.78	11.0	58.0
2013/12/29	53.35	24.0	84.0
2013/12/30	45.21	25.0	88.0
2013/12/31	49.33	15.0	129.0
2014/1/1	58.42	23.0	144.0
2014/1/2	167.63	95.0	269.0
2014/1/3	54.46	21.0	220.0
2014/1/4	154.88	75.0	224.0
2014/1/5	101.42	28.0	183.0
2014/1/6	154.58	123.0	217.0
2014/1/7	112.88	11.0	256.0
2014/1/8	21.42	9.0	66.0
2014/1/9	33.13	10.0	83.0
2014/1/10	81.29	43.0	127.0
2014/1/11	152.63	20.0	273.0
2014/1/12	28.53	8.0	62.0
2014/1/13	127.88	63.0	299.0
2014/1/14	119.46	36.0	227.0
2014/1/15	210.38	47.0	569.0
2014/1/16	448.42	161.0	671.0
2014/1/17	154.5	10.0	384.0
2014/1/18	76.75	14.0	184.0
2014/1/19	124.75	16.0	209.0
2014/1/20	10.25	7.0	17.0
2014/1/21	47.21	10.0	127.0
2014/1/22	162.95	97.0	324.0
2014/1/23	288.42	219.0	366.0
2014/1/24	152.38	25.0	316.0
2014/1/25	33.71	14.0	71.0
2014/1/26	59.0	23.0	139.0
2014/1/27	96.17	10.0	167.0
2014/1/28	46.58	9.0	86.0
2014/1/29	149.29	72.0	241.0
2014/1/30	71.33	6.0	218.0
2014/1/31	166.21	70.0	469.0
2014/2/1	155.08	109.0	190.0
2014/2/2	68.92	7.0	174.0
2014/2/3	7.13	3.0	16.0
2014/2/4	29.96	6.0	126.0
2014/2/5	103.83	62.0	155.0
2014/2/6	143.25	91.0	204.0
2014/2/7	102.88	84.0	119.0
2014/2/8	56.0	6.0	147.0
2014/2/9	13.46	9.0	26.0
2014/2/10	26.21	7.0	66.0
2014/2/11	131.25	64.0	221.0
2014/2/12	145.58	36.0	268.0
2014/2/13	210.96	160.0	263.0
2014/2/14	299.67	196.0	579.0
2014/2/15	363.79	277.0	649.0
2014/2/16	264.83	120.0	393.0
2014/2/17	75.79	41.0	142.0
2014/2/18	70.26	27.0	123.0
2014/2/19	79.83	14.0	152.0
2014/2/20	271.0	152.0	448.0
2014/2/21	330.42	247.0	398.0
2014/2/22	335.54	283.0	399.0
2014/2/23	295.96	228.0	362.0
2014/2/24	352.58	323.0	425.0
2014/2/25	449.75	369.0	577.0
2014/2/26	386.42	27.0	562.0
2014/2/27	20.38	8.0	53.0
2014/2/28	102.67	34.0	179.0
2014/3/1	83.13	10.0	210.0
2014/3/2	162.13	124.0	306.0
2014/3/3	243.54	182.0	322.0
2014/3/4	49.29	3.0	255.0
2014/3/5	24.88	9.0	49.0
2014/3/6	20.38	8.0	67.0
2014/3/7	61.5	14.0	111.0
2014/3/8	175.75	110.0	218.0
2014/3/9	119.75	55.0	172.0
2014/3/10	108.5	36.0	224.0
2014/3/11	195.79	10.0	303.0
2014/3/12	19.17	9.0	66.0
2014/3/13	22.25	12.0	40.0
2014/3/14	24.88	7.0	72.0
2014/3/15	114.58	63.0	205.0
2014/3/16	122.29	73.0	188.0
2014/3/17	85.83	17.0	191.0
2014/3/18	40.42	13.0	79.0
2014/3/19	58.67	10.0	96.0
2014/3/20	10.17	5.0	18.0
2014/3/21	28.57	5.0	71.0
2014/3/22	66.13	11.0	163.0
2014/3/23	158.67	96.0	249.0
2014/3/24	245.71	167.0	290.0
2014/3/25	224.21	147.0	326.0
2014/3/26	317.88	201.0	465.0
2014/3/27	257.42	82.0	444.0
2014/3/28	151.46	52.0	224.0
2014/3/29	38.79	16.0	219.0
2014/3/30	34.29	9.0	66.0
2014/3/31	155.29	27.0	254.0
2014/4/1	130.29	48.0	220.0
2014/4/2	105.46	64.0	163.0
2014/4/3	23.38	6.0	58.0
2014/4/4	32.29	11.0	60.0
2014/4/5	26.5	4.0	57.0
2014/4/6	57.79	27.0	102.0
2014/4/7	99.96	55.0	166.0
2014/4/8	168.04	136.0	206.0
2014/4/9	146.58	49.0	580.0
2014/4/10	86.22	51.0	175.0
2014/4/11	61.42	36.0	103.0
2014/4/12	119.63	75.0	190.0
2014/4/13	163.25	128.0	254.0
2014/4/14	238.18	56.0	282.0
2014/4/15	66.67	34.0	112.0
2014/4/16	68.75	35.0	134.0
2014/4/17	118.75	93.0	152.0
2014/4/18	142.71	74.0	193.0
2014/4/19	64.0	40.0	95.0
2014/4/20	68.25	17.0	128.0
2014/4/21	50.79	23.0	91.0
2014/4/22	77.42	36.0	170.0
2014/4/23	121.21	71.0	185.0
2014/4/24	113.67	76.0	140.0
2014/4/25	121.04	27.0	177.0
2014/4/26	39.54	21.0	61.0
2014/4/27	67.33	20.0	135.0
2014/4/28	69.13	37.0	132.0
2014/4/29	105.71	83.0	136.0
2014/4/30	111.88	79.0	221.0
2014/5/1	121.58	47.0	202.0
2014/5/2	37.79	17.0	60.0
2014/5/3	81.08	39.0	167.0
2014/5/4	47.42	26.0	98.0
2014/5/5	46.63	31.0	85.0
2014/5/6	101.5	56.0	154.0
2014/5/7	89.42	12.0	159.0
2014/5/8	87.75	55.0	147.0
2014/5/9	67.63	43.0	91.0
2014/5/10	54.38	40.0	71.0
2014/5/11	30.67	8.0	57.0
2014/5/12	47.33	21.0	82.0
2014/5/13	58.67	25.0	112.0
2014/5/14	22.88	11.0	38.0
2014/5/15	85.88	37.0	203.0
2014/5/16	74.92	38.0	271.0
2014/5/17	67.71	21.0	109.0
2014/5/18	102.92	58.0	198.0
2014/5/19	112.88	61.0	174.0
2014/5/20	85.86	14.0	215.0
2014/5/21	102.0	62.0	150.0
2014/5/22	136.46	38.0	259.0
2014/5/23	80.92	46.0	110.0
2014/5/24	89.63	78.0	104.0
2014/5/25	71.42	7.0	160.0
2014/5/26	20.42	8.0	31.0
2014/5/27	29.92	8.0	102.0
2014/5/28	31.42	13.0	49.0
2014/5/29	46.83	8.0	79.0
2014/5/30	90.96	67.0	113.0
2014/5/31	115.75	81.0	143.0
2014/6/1	50.71	29.0	80.0
2014/6/2	33.42	18.0	57.0
2014/6/3	41.46	25.0	64.0
2014/6/4	63.65	38.0	107.0
2014/6/5	67.87	43.0	108.0
2014/6/6	55.35	6.0	109.0
2014/6/7	12.52	3.0	38.0
2014/6/8	36.22	11.0	69.0
2014/6/9	30.33	15.0	52.0
2014/6/10	78.04	50.0	103.0
2014/6/11	43.92	12.0	123.0
2014/6/12	31.63	10.0	64.0
2014/6/13	59.71	14.0	126.0
2014/6/14	47.5	18.0	128.0
2014/6/15	115.67	61.0	169.0
2014/6/16	138.5	96.0	196.0
2014/6/17	75.88	13.0	225.0
2014/6/18	71.38	11.0	144.0
2014/6/19	123.83	65.0	200.0
2014/6/20	45.88	10.0	94.0
2014/6/21	54.54	15.0	76.0
2014/6/22	33.79	13.0	51.0
2014/6/23	23.04	8.0	43.0
2014/6/24	54.08	37.0	68.0
2014/6/25	97.17	54.0	159.0
2014/6/26	116.83	61.0	199.0
2014/6/27	17.21	4.0	46.0
2014/6/28	20.25	6.0	35.0
2014/6/29	49.75	26.0	77.0
2014/6/30	69.63	40.0	104.0
2014/7/1	101.58	27.0	168.0
2014/7/2	69.5	30.0	114.0
2014/7/3	217.5	134.0	295.0
2014/7/4	199.21	137.0	303.0
2014/7/5	121.29	67.0	184.0
2014/7/6	191.29	139.0	252.0
2014/7/7	149.88	80.0	239.0
2014/7/8	81.38	8.0	192.0
2014/7/9	24.63	8.0	85.0
2014/7/10	31.38	15.0	70.0
2014/7/11	30.83	9.0	64.0
2014/7/12	14.53	6.0	36.0
2014/7/13	22.17	9.0	58.0
2014/7/14	29.92	15.0	58.0
2014/7/15	52.08	29.0	93.0
2014/7/16	110.29	60.0	172.0
2014/7/17	146.79	82.0	220.0
2014/7/18	115.75	80.0	191.0
2014/7/19	61.25	38.0	81.0
2014/7/20	60.54	46.0	87.0
2014/7/21	24.88	6.0	60.0
2014/7/22	14.77	6.0	21.0
2014/7/23	24.75	12.0	46.0
2014/7/24	69.96	24.0	136.0
2014/7/25	73.17	27.0	160.0
2014/7/26	93.0	57.0	149.0
2014/7/27	97.58	68.0	133.0
2014/7/28	102.54	61.0	143.0
2014/7/29	107.0	78.0	189.0
2014/7/30	137.92	52.0	212.0
2014/7/31	179.67	122.0	250.0
2014/8/1	127.75	78.0	185.0
2014/8/2	96.63	57.0	138.0
2014/8/3	102.92	52.0	201.0
2014/8/4	32.0	2.0	92.0
2014/8/5	22.79	8.0	51.0
2014/8/6	36.75	2.0	125.0
2014/8/7	61.58	37.0	142.0
2014/8/8	59.04	29.0	90.0
2014/8/9	77.92	15.0	160.0
2014/8/10	36.38	20.0	86.0
2014/8/11	22.42	6.0	65.0
2014/8/12	26.08	8.0	64.0
2014/8/13	27.0	13.0	55.0
2014/8/14	28.42	16.0	48.0
2014/8/15	43.42	12.0	121.0
2014/8/16	65.38	28.0	172.0
2014/8/17	48.08	19.0	209.0
2014/8/18	56.45	26.0	91.0
2014/8/19	77.21	13.0	123.0
2014/8/20	91.93	68.0	115.0
2014/8/21	117.54	19.0	173.0
2014/8/22	58.21	18.0	124.0
2014/8/23	117.75	26.0	171.0
2014/8/24	19.79	3.0	46.0
2014/8/25	15.79	6.0	30.0
2014/8/26	23.33	6.0	57.0
2014/8/27	56.54	21.0	94.0
2014/8/28	83.75	58.0	129.0
2014/8/29	86.17	49.0	139.0
2014/8/30	149.21	100.0	196.0
2014/8/31	89.46	55.0	139.0
2014/9/1	112.38	21.0	175.0
2014/9/2	25.54	6.0	59.0
2014/9/3	13.17	6.0	23.0
2014/9/4	43.42	15.0	81.0
2014/9/5	96.08	61.0	155.0
2014/9/6	134.58	94.0	162.0
2014/9/7	141.42	79.0	207.0
2014/9/8	8.92	2.0	30.0
2014/9/9	39.79	17.0	80.0
2014/9/10	69.17	30.0	118.0
2014/9/11	95.08	61.0	124.0
2014/9/12	68.08	36.0	147.0
2014/9/13	64.5	38.0	108.0
2014/9/14	44.58	6.0	106.0
2014/9/15	18.08	3.0	47.0
2014/9/16	47.41	15.0	98.0
2014/9/17	36.67	10.0	75.0
2014/9/18	68.88	21.0	119.0
2014/9/19	99.43	53.0	150.0
2014/9/20	138.71	78.0	229.0
2014/9/21	89.71	52.0	200.0
2014/9/22	108.88	70.0	135.0
2014/9/23	63.95	24.0	114.0
2014/9/24	33.5	9.0	111.0
2014/9/25	121.25	60.0	168.0
2014/9/26	140.29	75.0	219.0
2014/9/27	35.58	6.0	132.0
2014/9/28	66.88	45.0	101.0
2014/9/29	52.33	10.0	107.0
2014/9/30	28.29	13.0	78.0
2014/10/1	82.71	58.0	100.0
2014/10/2	67.42	21.0	132.0
2014/10/3	128.33	53.0	207.0
2014/10/4	84.54	54.0	116.0
2014/10/5	33.83	6.0	86.0
2014/10/6	36.0	18.0	91.0
2014/10/7	152.58	66.0	326.0
2014/10/8	308.83	215.0	432.0
2014/10/9	378.04	334.0	454.0
2014/10/10	321.13	243.0	396.0
2014/10/11	184.25	5.0	317.0
2014/10/12	6.79	3.0	13.0
2014/10/13	16.67	3.0	61.0
2014/10/14	51.83	17.0	141.0
2014/10/15	49.04	7.0	149.0
2014/10/16	42.63	17.0	85.0
2014/10/17	117.58	76.0	225.0
2014/10/18	211.58	94.0	406.0
2014/10/19	273.96	153.0	413.0
2014/10/20	209.39	61.0	285.0
2014/10/21	45.21	24.0	97.0
2014/10/22	94.88	47.0	132.0
2014/10/23	147.25	102.0	227.0
2014/10/24	267.83	178.0	383.0
2014/10/25	366.96	310.0	472.0
2014/10/26	71.5	7.0	379.0
2014/10/27	33.0	9.0	68.0
2014/10/28	69.33	42.0	99.0
2014/10/29	135.58	98.0	215.0
2014/10/30	190.17	137.0	272.0
2014/10/31	185.5	143.0	232.0
2014/11/1	43.21	9.0	215.0
2014/11/2	7.96	2.0	17.0
2014/11/3	27.21	8.0	61.0
2014/11/4	131.71	60.0	255.0
2014/11/5	70.08	4.0	232.0
2014/11/6	15.43	3.0	48.0
2014/11/7	53.08	18.0	90.0
2014/11/8	80.25	56.0	97.0
2014/11/9	65.5	33.0	116.0
2014/11/10	81.33	33.0	153.0
2014/11/11	43.71	7.0	239.0
2014/11/12	6.54	2.0	17.0
2014/11/13	27.04	11.0	53.0
2014/11/14	46.17	20.0	138.0
2014/11/15	173.79	52.0	283.0
2014/11/16	111.5	12.0	304.0
2014/11/17	26.71	8.0	81.0
2014/11/18	91.0	39.0	221.0
2014/11/19	327.04	165.0	409.0
2014/11/20	328.85	290.0	380.0
2014/11/21	74.31	16.0	287.0
2014/11/22	48.08	8.0	146.0
2014/11/23	133.58	91.0	240.0
2014/11/24	89.88	19.0	289.0
2014/11/25	182.88	78.0	342.0
2014/11/26	308.29	201.0	522.0
2014/11/27	62.25	11.0	439.0
2014/11/28	103.08	39.0	219.0
2014/11/29	302.5	237.0	393.0
2014/11/30	83.33	14.0	254.0
2014/12/1	13.67	8.0	36.0
2014/12/2	56.29	11.0	125.0
2014/12/3	20.71	6.0	126.0
2014/12/4	9.0	5.0	18.0
2014/12/5	44.86	6.0	158.0
2014/12/6	68.96	16.0	150.0
2014/12/7	51.75	11.0	174.0
2014/12/8	58.22	15.0	180.0
2014/12/9	358.62	311.0	390.0
2014/12/10	130.75	13.0	331.0
2014/12/11	24.38	7.0	92.0
2014/12/12	13.88	7.0	47.0
2014/12/13	51.33	10.0	126.0
2014/12/14	102.46	44.0	212.0
2014/12/15	82.04	6.0	307.0
2014/12/16	11.25	5.0	25.0
2014/12/17	104.83	8.0	245.0
2014/12/18	173.17	124.0	274.0
2014/12/19	66.63	7.0	253.0
2014/12/20	9.93	4.0	15.0
2014/12/21	20.54	6.0	64.0
2014/12/22	98.96	51.0	145.0
2014/12/23	96.5	13.0	234.0
2014/12/24	14.42	9.0	23.0
2014/12/25	30.04	8.0	93.0
2014/12/26	173.17	94.0	271.0
2014/12/27	247.92	182.0	385.0
2014/12/28	196.42	32.0	444.0
2014/12/29	151.79	20.0	373.0
2014/12/30	38.63	8.0	97.0
2014/12/31	10.46	7.0	20.0
2015/1/1	54.58	6.0	154.0
2015/1/2	63.54	12.0	157.0
2015/1/3	209.25	147.0	322.0
2015/1/4	201.17	106.0	360.0
2015/1/5	90.88	9.0	186.0
2015/1/6	43.17	10.0	121.0
2015/1/7	73.67	20.0	159.0
2015/1/8	168.25	66.0	359.0
2015/1/9	99.79	10.0	294.0
2015/1/10	178.75	23.0	291.0
2015/1/11	34.71	6.0	105.0
2015/1/12	109.17	57.0	206.0
2015/1/13	194.54	128.0	350.0
2015/1/14	238.08	159.0	328.0
2015/1/15	374.83	211.0	568.0
2015/1/16	88.5	9.0	502.0
2015/1/17	72.33	10.0	201.0
2015/1/18	78.04	10.0	177.0
2015/1/19	50.0	6.0	92.0
2015/1/20	89.0	38.0	132.0
2015/1/21	16.46	8.0	42.0
2015/1/22	122.29	26.0	235.0
2015/1/23	227.17	186.0	300.0
2015/1/24	80.04	20.0	126.0
2015/1/25	126.52	61.0	214.0
2015/1/26	88.0	6.0	268.0
2015/1/27	20.92	10.0	48.0
2015/1/28	45.33	8.0	119.0
2015/1/29	58.63	9.0	126.0
2015/1/30	11.38	5.0	21.0
2015/1/31	39.76	9.0	130.0
2015/2/1	84.96	31.0	145.0
2015/2/2	152.71	77.0	283.0
2015/2/3	106.13	15.0	224.0
2015/2/4	10.92	5.0	18.0
2015/2/5	27.83	4.0	65.0
2015/2/6	73.54	33.0	108.0
2015/2/7	8.96	4.0	24.0
2015/2/8	29.21	4.0	109.0
2015/2/9	118.88	66.0	188.0
2015/2/10	131.38	71.0	214.0
2015/2/11	47.81	9.0	190.0
2015/2/12	35.5	14.0	88.0
2015/2/13	147.83	61.0	317.0
2015/2/14	268.5	203.0	388.0
2015/2/15	285.04	168.0	394.0
2015/2/16	110.88	13.0	256.0
2015/2/17	27.46	12.0	114.0
2015/2/18	47.42	9.0	176.0
2015/2/19	192.78	84.0	407.0
2015/2/20	139.04	81.0	223.0
2015/2/21	147.38	27.0	338.0
2015/2/22	42.71	13.0	111.0
2015/2/23	57.42	17.0	199.0
2015/2/24	169.25	102.0	222.0
2015/2/25	61.96	9.0	226.0
2015/2/26	15.29	8.0	30.0
2015/2/27	26.83	8.0	49.0
2015/2/28	141.46	43.0	234.0
2015/3/1	39.63	12.0	115.0
2015/3/2	63.92	4.0	145.0
2015/3/3	7.75	3.0	14.0
2015/3/4	24.25	7.0	75.0
2015/3/5	112.29	62.0	162.0
2015/3/6	207.79	118.0	316.0
2015/3/7	228.04	176.0	301.0
2015/3/8	113.96	7.0	256.0
2015/3/9	7.54	2.0	15.0
2015/3/10	31.5	2.0	78.0
2015/3/11	46.29	6.0	104.0
2015/3/12	77.46	30.0	125.0
2015/3/13	69.17	9.0	155.0
2015/3/14	103.83	54.0	165.0
2015/3/15	118.13	58.0	191.0
2015/3/16	216.13	110.0	318.0
2015/3/17	194.79	29.0	318.0
2015/3/18	50.79	21.0	125.0
2015/3/19	92.58	53.0	138.0
2015/3/20	43.54	25.0	120.0
2015/3/21	18.61	6.0	54.0
2015/3/22	22.04	6.0	54.0
2015/3/23	36.46	8.0	73.0
2015/3/24	87.25	60.0	146.0
2015/3/25	120.5	85.0	158.0
2015/3/26	98.88	60.0	151.0
2015/3/27	84.86	56.0	118.0
2015/3/28	30.67	20.0	43.0
2015/3/29	93.81	40.0	155.0
2015/3/30	154.67	116.0	190.0
2015/3/31	125.96	66.0	201.0
2015/4/1	53.88	27.0	85.0
2015/4/2	35.83	11.0	58.0
2015/4/3	31.17	14.0	70.0
2015/4/4	66.5	31.0	112.0
2015/4/5	56.42	17.0	147.0
2015/4/6	21.69	13.0	44.0
2015/4/7	25.75	9.0	68.0
2015/4/8	102.63	70.0	141.0
2015/4/9	166.75	122.0	238.0
2015/4/10	157.58	57.0	239.0
2015/4/11	150.25	16.0	255.0
2015/4/12	17.46	10.0	28.0
2015/4/13	36.79	12.0	63.0
2015/4/14	64.46	45.0	97.0
2015/4/15	156.92	62.0	722.0
2015/4/16	36.39	1.0	128.0
2015/4/17	79.54	42.0	139.0
2015/4/18	138.5	44.0	196.0
2015/4/19	61.04	27.0	109.0
2015/4/20	74.71	26.0	137.0
2015/4/21	61.5	18.0	113.0
2015/4/22	53.71	38.0	91.0
2015/4/23	57.21	10.0	99.0
2015/4/24	62.38	46.0	81.0
2015/4/25	89.92	54.0	132.0
2015/4/26	109.17	55.0	150.0
2015/4/27	91.42	47.0	132.0
2015/4/28	49.96	26.0	109.0
2015/4/29	118.46	95.0	153.0
2015/4/30	116.88	62.0	244.0
2015/5/1	120.79	30.0	261.0
2015/5/2	45.13	30.0	61.0
2015/5/3	48.13	8.0	138.0
2015/5/4	25.08	7.0	84.0
2015/5/5	49.83	12.0	122.0
2015/5/6	25.08	8.0	61.0
2015/5/7	50.42	19.0	105.0
2015/5/8	55.83	18.0	112.0
2015/5/9	37.52	18.0	69.0
2015/5/10	42.88	30.0	64.0
2015/5/11	27.43	6.0	47.0
2015/5/12	33.83	6.0	145.0
2015/5/13	74.38	39.0	157.0
2015/5/14	20.63	8.0	61.0
2015/5/15	32.25	11.0	75.0
2015/5/16	50.42	18.0	76.0
2015/5/17	133.38	73.0	197.0
2015/5/18	59.67	15.0	198.0
2015/5/19	12.67	7.0	39.0
2015/5/20	15.75	10.0	30.0
2015/5/21	36.79	22.0	51.0
2015/5/22	63.5	36.0	106.0
2015/5/23	98.17	64.0	146.0
2015/5/24	114.88	64.0	186.0
2015/5/25	96.25	71.0	132.0
2015/5/26	83.17	55.0	113.0
2015/5/27	99.92	72.0	124.0
2015/5/28	108.5	70.0	152.0
2015/5/29	71.33	34.0	107.0
2015/5/30	66.79	40.0	106.0
2015/5/31	59.42	48.0	80.0
2015/6/1	105.25	67.0	147.0
2015/6/2	36.58	9.0	79.0
2015/6/3	35.17	22.0	51.0
2015/6/4	47.38	27.0	70.0
2015/6/5	49.08	27.0	104.0
2015/6/6	22.83	10.0	38.0
2015/6/7	16.13	11.0	28.0
2015/6/8	19.42	7.0	55.0
2015/6/9	53.17	25.0	77.0
2015/6/10	75.42	30.0	142.0
2015/6/11	22.17	4.0	56.0
2015/6/12	6.63	2.0	24.0
2015/6/13	15.81	4.0	35.0
2015/6/14	19.17	7.0	55.0
2015/6/15	83.3	64.0	113.0
2015/6/16	94.38	45.0	151.0
2015/6/17	37.63	24.0	62.0
2015/6/18	19.54	4.0	72.0
2015/6/19	22.04	6.0	56.0
2015/6/20	24.38	10.0	76.0
2015/6/21	42.79	22.0	62.0
2015/6/22	82.58	49.0	137.0
2015/6/23	157.67	77.0	258.0
2015/6/24	89.08	61.0	128.0
2015/6/25	95.83	46.0	136.0
2015/6/26	76.0	15.0	135.0
2015/6/27	72.79	20.0	120.0
2015/6/28	117.58	76.0	151.0
2015/6/29	88.33	11.0	168.0
2015/6/30	12.79	6.0	21.0
2015/7/1	17.38	5.0	36.0
2015/7/2	8.38	3.0	32.0
2015/7/3	25.17	7.0	45.0
2015/7/4	32.26	15.0	64.0
2015/7/5	54.63	44.0	66.0
2015/7/6	57.88	37.0	91.0
2015/7/7	57.75	46.0	73.0
2015/7/8	99.88	50.0	151.0
2015/7/9	59.08	24.0	91.0
2015/7/10	43.83	13.0	69.0
2015/7/11	85.83	54.0	121.0
2015/7/12	91.58	54.0	141.0
2015/7/13	43.54	16.0	75.0
2015/7/14	32.96	19.0	64.0
2015/7/15	35.75	19.0	53.0
2015/7/16	37.29	22.0	57.0
2015/7/17	35.96	13.0	79.0
2015/7/18	42.83	28.0	82.0
2015/7/19	69.79	45.0	101.0
2015/7/20	83.04	64.0	132.0
2015/7/21	107.92	54.0	150.0
2015/7/22	53.21	10.0	90.0
2015/7/23	43.42	30.0	70.0
2015/7/24	52.04	29.0	82.0
2015/7/25	80.92	49.0	113.0
2015/7/26	102.83	66.0	145.0
2015/7/27	57.0	17.0	94.0
2015/7/28	50.67	25.0	95.0
2015/7/29	81.13	22.0	102.0
2015/7/30	37.88	12.0	78.0
2015/7/31	23.92	12.0	47.0
2015/8/1	72.46	50.0	95.0
2015/8/2	65.38	37.0	86.0
2015/8/3	60.58	5.0	137.0
2015/8/4	20.92	4.0	54.0
2015/8/5	71.0	23.0	108.0
2015/8/6	57.54	14.0	125.0
2015/8/7	82.33	16.0	120.0
2015/8/8	45.75	22.0	89.0
2015/8/9	54.33	25.0	95.0
2015/8/10	45.63	16.0	126.0
2015/8/11	87.04	55.0	120.0
2015/8/12	83.13	47.0	105.0
2015/8/13	109.13	81.0	130.0
2015/8/14	58.46	20.0	141.0
2015/8/15	22.58	5.0	57.0
2015/8/16	40.96	12.0	99.0
2015/8/17	73.21	49.0	97.0
2015/8/18	45.04	20.0	81.0
2015/8/19	54.0	38.0	71.0
2015/8/20	30.25	14.0	52.0
2015/8/21	14.58	5.0	34.0
2015/8/22	18.54	3.0	70.0
2015/8/23	18.92	8.0	53.0
2015/8/24	15.25	7.0	37.0
2015/8/25	15.46	7.0	27.0
2015/8/26	10.79	3.0	23.0
2015/8/27	12.46	5.0	38.0
2015/8/28	15.42	6.0	37.0
2015/8/29	26.96	10.0	40.0
2015/8/30	27.79	11.0	44.0
2015/8/31	28.21	8.0	49.0
2015/9/1	10.92	6.0	21.0
2015/9/2	8.58	2.0	17.0
2015/9/3	15.33	4.0	41.0
2015/9/4	49.79	18.0	70.0
2015/9/5	20.58	11.0	28.0
2015/9/6	17.17	10.0	30.0
2015/9/7	27.04	17.0	43.0
2015/9/8	60.17	27.0	99.0
2015/9/9	35.79	7.0	92.0
2015/9/10	8.83	5.0	13.0
2015/9/11	9.0	3.0	25.0
2015/9/12	7.63	2.0	18.0
2015/9/13	18.96	7.0	38.0
2015/9/14	58.59	39.0	86.0
2015/9/15	105.88	74.0	163.0
2015/9/16	127.17	79.0	196.0
2015/9/17	138.75	87.0	175.0
2015/9/18	73.04	12.0	206.0
2015/9/19	19.04	3.0	75.0
2015/9/20	80.29	44.0	132.0
2015/9/21	79.71	49.0	102.0
2015/9/22	115.88	25.0	189.0
2015/9/23	28.67	8.0	79.0
2015/9/24	89.88	16.0	172.0
2015/9/25	19.83	1.0	67.0
2015/9/26	27.63	7.0	52.0
2015/9/27	45.83	12.0	76.0
2015/9/28	47.67	17.0	78.0
2015/9/29	41.5	12.0	70.0
2015/9/30	23.38	15.0	37.0
2015/10/1	14.67	1.0	38.0
2015/10/2	23.08	12.0	51.0
2015/10/3	23.08	4.0	63.0
2015/10/4	109.71	55.0	205.0
2015/10/5	202.5	136.0	332.0
2015/10/6	267.71	206.0	356.0
2015/10/7	219.96	3.0	309.0
2015/10/8	8.96	2.0	37.0
2015/10/9	25.33	5.0	53.0
2015/10/10	6.33	1.0	10.0
2015/10/11	7.04	2.0	15.0
2015/10/12	13.71	5.0	33.0
2015/10/13	40.46	10.0	126.0
2015/10/14	115.5	78.0	198.0
2015/10/15	112.58	65.0	203.0
2015/10/16	214.5	113.0	342.0
2015/10/17	302.67	276.0	347.0
2015/10/18	51.25	10.0	260.0
2015/10/19	63.5	17.0	149.0
2015/10/20	75.17	36.0	133.0
2015/10/21	52.13	32.0	80.0
2015/10/22	29.92	10.0	81.0
2015/10/23	51.63	33.0	84.0
2015/10/24	51.08	18.0	98.0
2015/10/25	30.29	17.0	47.0
2015/10/26	30.58	7.0	74.0
2015/10/27	14.71	3.0	35.0
2015/10/28	7.75	3.0	14.0
2015/10/29	9.17	4.0	16.0
2015/10/30	25.67	7.0	90.0
2015/10/31	45.5	12.0	104.0
2015/11/1	75.5	34.0	143.0
2015/11/2	90.79	36.0	186.0
2015/11/3	165.29	91.0	230.0
2015/11/4	207.58	153.0	239.0
2015/11/5	102.79	16.0	232.0
2015/11/6	17.25	12.0	26.0
2015/11/7	15.33	7.0	24.0
2015/11/8	54.42	26.0	97.0
2015/11/9	144.21	84.0	194.0
2015/11/10	136.13	110.0	161.0
2015/11/11	117.71	80.0	165.0
2015/11/12	165.58	115.0	221.0
2015/11/13	206.67	153.0	248.0
2015/11/14	259.29	219.0	358.0
2015/11/15	202.08	44.0	276.0
2015/11/16	56.71	38.0	78.0
2015/11/17	55.13	16.0	102.0
2015/11/18	62.08	34.0	85.0
2015/11/19	82.75	54.0	109.0
2015/11/20	68.54	32.0	111.0
2015/11/21	47.79	24.0	83.0
2015/11/22	50.38	26.0	78.0
2015/11/23	25.63	15.0	38.0
2015/11/24	31.42	8.0	69.0
2015/11/25	49.71	7.0	96.0
2015/11/26	36.08	5.0	138.0
2015/11/27	251.38	150.0	355.0
2015/11/28	300.54	245.0	391.0
2015/11/29	253.17	84.0	377.0
2015/11/30	412.75	49.0	666.0
2015/12/1	464.38	12.0	634.0
2015/12/2	6.75	1.0	13.0
2015/12/3	9.54	5.0	17.0
2015/12/4	29.38	5.0	119.0
2015/12/5	40.54	16.0	111.0
2015/12/6	159.83	72.0	237.0
2015/12/7	183.26	149.0	224.0
2015/12/8	275.5	200.0	350.0
2015/12/9	266.64	214.0	319.0
2015/12/10	96.88	15.0	273.0
2015/12/11	44.83	14.0	119.0
2015/12/12	159.04	37.0	371.0
2015/12/13	188.13	65.0	332.0
2015/12/14	144.38	7.0	351.0
2015/12/15	6.08	2.0	10.0
2015/12/16	7.35	3.0	15.0
2015/12/17	65.1	11.0	145.0
2015/12/18	74.29	20.0	194.0
2015/12/19	168.64	106.0	261.0
2015/12/20	238.21	150.0	428.0
2015/12/21	241.13	143.0	412.0
2015/12/22	336.96	158.0	508.0
2015/12/23	254.54	89.0	432.0
2015/12/24	100.42	31.0	497.0
2015/12/25	537.25	440.0	620.0
2015/12/26	254.33	44.0	499.0
2015/12/27	56.21	15.0	122.0
2015/12/28	112.42	48.0	252.0
2015/12/29	331.88	165.0	556.0
2015/12/30	101.75	6.0	536.0
2015/12/31	70.88	14.0	235.0
