2013/1/1	130.79	91.0	189.0
2013/1/2	128.89	56.0	202.0
2013/1/3	70.17	55.0	100.0
2013/1/4	105.46	62.0	158.0
2013/1/5	111.04	58.0	185.0
2013/1/6	134.83	75.0	191.0
2013/1/7	161.29	128.0	201.0
2013/1/8	187.21	143.0	236.0
2013/1/9	185.5	124.0	280.0
2013/1/10	192.38	140.0	254.0
2013/1/11	251.5	208.0	355.0
2013/1/12	300.29	246.0	409.0
2013/1/13	297.54	203.0	354.0
2013/1/14	278.17	197.0	368.0
2013/1/15	246.08	99.0	389.0
2013/1/16	215.42	140.0	299.0
2013/1/17	292.96	213.0	378.0
2013/1/18	241.21	212.0	313.0
2013/1/19	225.71	176.0	291.0
2013/1/20	111.04	35.0	175.0
2013/1/21	102.67	79.0	127.0
2013/1/22	129.18	85.0	196.0
2013/1/23	139.83	96.0	212.0
2013/1/24	150.46	63.0	238.0
2013/1/25	159.58	102.0	213.0
2013/1/26	179.13	84.0	245.0
2013/1/27	176.25	107.0	228.0
2013/1/28	180.83	134.0	275.0
2013/1/29	198.29	127.0	290.0
2013/1/30	162.79	112.0	202.0
2013/1/31	200.88	161.0	264.0
2013/2/1	238.25	200.0	314.0
2013/2/2	246.79	146.0	338.0
2013/2/3	158.79	112.0	230.0
2013/2/4	281.83	232.0	383.0
2013/2/5	291.08	234.0	374.0
2013/2/6	250.88	144.0	326.0
2013/2/7	84.48	48.0	153.0
2013/2/8	42.91	32.0	53.0
2013/2/9	72.63	46.0	125.0
2013/2/10	138.38	70.0	487.0
2013/2/11	83.92	49.0	109.0
2013/2/12	64.83	57.0	86.0
2013/2/13	85.67	66.0	99.0
2013/2/14	75.38	48.0	92.0
2013/2/15	59.04	43.0	94.0
2013/2/16	109.29	86.0	149.0
2013/2/17	108.54	80.0	130.0
2013/2/18	48.38	22.0	83.0
2013/2/19	53.63	28.0	91.0
2013/2/20	84.08	41.0	136.0
2013/2/21	105.77	54.0	152.0
2013/2/22	106.29	57.0	152.0
2013/2/23	101.63	54.0	132.0
2013/2/24	124.13	97.0	223.0
2013/2/25	148.21	86.0	229.0
2013/2/26	122.92	90.0	155.0
2013/2/27	167.75	127.0	228.0
2013/2/28	202.54	113.0	231.0
2013/3/1	93.5	76.0	114.0
2013/3/2	76.63	61.0	95.0
2013/3/3	93.54	83.0	110.0
2013/3/4	97.92	75.0	129.0
2013/3/5	112.92	79.0	161.0
2013/3/6	154.17	93.0	298.0
2013/3/7	160.46	93.0	222.0
2013/3/8	193.91	111.0	309.0
2013/3/9	216.0	124.0	292.0
2013/3/10	246.48	140.0	349.0
2013/3/11	215.13	104.0	331.0
2013/3/12	137.29	62.0	223.0
2013/3/13	194.62	154.0	230.0
2013/3/14	153.39	124.0	196.0
2013/3/15	165.91	135.0	220.0
2013/3/16	169.0	155.0	176.0
2013/3/17	143.32	112.0	178.0
2013/3/18	105.17	64.0	184.0
2013/3/19	68.45	50.0	84.0
2013/4/19	110.92	40.0	182.0
2013/4/20	71.77	46.0	115.0
2013/4/21	60.08	36.0	92.0
2013/4/22	78.63	42.0	109.0
2013/4/23	75.68	41.0	116.0
2013/4/24	51.45	30.0	88.0
2013/4/25	73.7	51.0	99.0
2013/4/26	99.54	68.0	148.0
2013/4/27	153.88	83.0	265.0
2013/4/28	200.83	129.0	271.0
2013/4/29	57.0	10.0	198.0
2013/4/30	37.58	18.0	83.0
2013/5/1	73.5	34.0	108.0
2013/5/2	49.54	28.0	66.0
2013/5/3	99.96	26.0	257.0
2013/5/4	70.25	49.0	95.0
2013/5/5	75.38	51.0	125.0
2013/5/6	61.67	42.0	82.0
2013/5/7	76.63	47.0	102.0
2013/5/8	76.13	28.0	156.0
2013/5/9	20.04	5.0	38.0
2013/5/10	24.83	12.0	47.0
2013/5/11	55.33	25.0	98.0
2013/5/12	76.5	28.0	136.0
2013/5/13	125.25	81.0	200.0
2013/5/14	78.42	40.0	142.0
2013/5/15	47.33	27.0	87.0
2013/5/16	40.08	24.0	51.0
2013/5/17	37.67	15.0	61.0
2013/5/18	26.63	13.0	42.0
2013/5/19	44.25	23.0	74.0
2013/5/20	51.04	27.0	113.0
2013/5/21	60.67	36.0	98.0
2013/5/22	104.96	60.0	178.0
2013/5/23	133.29	78.0	190.0
2013/5/24	55.92	19.0	119.0
2013/5/25	39.5	23.0	51.0
2013/5/26	39.79	26.0	57.0
2013/5/27	72.42	33.0	153.0
2013/5/28	68.67	8.0	155.0
2013/5/29	24.33	9.0	49.0
2013/5/30	35.0	19.0	49.0
2013/5/31	50.33	32.0	78.0
2013/6/1	49.54	25.0	103.0
2013/6/2	47.46	36.0	66.0
2013/6/3	76.83	53.0	124.0
2013/6/4	81.33	52.0	128.0
2013/6/5	92.67	49.0	152.0
2013/6/6	47.5	34.0	59.0
2013/6/7	49.83	36.0	75.0
2013/6/8	47.88	14.0	76.0
2013/6/9	21.13	6.0	45.0
2013/6/10	27.13	15.0	40.0
2013/6/11	34.83	15.0	61.0
2013/6/12	44.96	30.0	72.0
2013/6/13	75.0	46.0	113.0
2013/6/14	64.46	44.0	88.0
2013/6/15	71.25	57.0	87.0
2013/6/16	82.63	58.0	99.0
2013/6/17	85.0	67.0	115.0
2013/6/18	80.08	45.0	107.0
2013/6/19	47.46	21.0	127.0
2013/6/20	31.71	7.0	63.0
2013/6/21	29.38	14.0	67.0
2013/6/22	40.21	27.0	64.0
2013/6/23	31.0	18.0	45.0
2013/6/24	40.17	21.0	63.0
2013/6/25	39.25	27.0	55.0
2013/6/26	54.63	28.0	107.0
2013/6/27	80.08	51.0	125.0
2013/6/28	80.08	60.0	98.0
2013/6/29	93.21	48.0	164.0
2013/6/30	31.38	15.0	54.0
2013/7/1	23.91	20.0	29.0
2013/7/5	54.0	41.0	73.0
2013/7/6	44.17	32.0	58.0
2013/7/7	57.63	37.0	94.0
2013/7/8	68.46	31.0	110.0
2013/7/9	32.33	19.0	45.0
2013/7/10	14.54	9.0	20.0
2013/7/11	35.21	8.0	67.0
2013/7/12	60.75	28.0	93.0
2013/7/13	59.67	36.0	98.0
2013/7/14	77.83	60.0	103.0
2013/7/15	75.25	16.0	153.0
2013/7/16	39.29	13.0	81.0
2013/7/17	89.04	46.0	310.0
2013/7/18	34.67	18.0	65.0
2013/7/19	49.58	35.0	66.0
2013/7/20	70.67	34.0	108.0
2013/7/21	55.5	30.0	93.0
2013/7/22	36.83	2.0	71.0
2013/7/23	54.67	35.0	78.0
2013/7/24	57.25	32.0	90.0
2013/7/25	41.19	7.0	81.0
2013/7/26	64.92	41.0	90.0
2013/7/27	61.33	21.0	87.0
2013/7/28	53.8	30.0	88.0
2013/7/29	27.13	12.0	43.0
2013/7/30	36.29	21.0	55.0
2013/7/31	68.75	39.0	118.0
2013/8/1	34.88	3.0	94.0
2013/8/2	46.52	25.0	78.0
2013/8/3	60.96	9.0	119.0
2013/8/4	46.04	13.0	68.0
2013/8/5	70.58	48.0	101.0
2013/8/6	88.63	44.0	141.0
2013/8/7	20.46	6.0	74.0
2013/8/8	27.42	10.0	43.0
2013/8/9	46.46	29.0	80.0
2013/8/10	63.17	45.0	86.0
2013/8/11	83.25	45.0	148.0
2013/8/12	32.25	1.0	75.0
2013/8/13	47.92	32.0	84.0
2013/8/14	48.38	31.0	76.0
2013/8/15	82.79	52.0	152.0
2013/8/16	63.29	20.0	125.0
2013/8/17	95.79	67.0	157.0
2013/8/18	89.63	63.0	136.0
2013/8/19	65.42	34.0	142.0
2013/8/20	56.21	38.0	107.0
2013/8/21	84.42	49.0	146.0
2013/8/22	97.04	72.0	147.0
2013/8/23	86.42	33.0	147.0
2013/8/24	61.58	34.0	103.0
2013/8/25	54.88	24.0	98.0
2013/8/26	44.29	11.0	108.0
2013/8/27	77.67	51.0	119.0
2013/8/28	51.79	2.0	99.0
2013/8/29	36.92	17.0	85.0
2013/8/30	74.46	53.0	98.0
2013/8/31	55.67	32.0	77.0
2013/9/1	38.92	26.0	58.0
2013/9/2	46.21	32.0	68.0
2013/9/3	65.21	25.0	107.0
2013/9/4	41.96	23.0	62.0
2013/9/5	32.42	22.0	48.0
2013/9/6	52.29	24.0	93.0
2013/9/7	65.38	45.0	109.0
2013/9/8	48.93	28.0	74.0
2013/9/9	60.38	38.0	80.0
2013/9/10	64.58	30.0	91.0
2013/9/11	45.92	21.0	97.0
2013/9/12	50.46	34.0	69.0
2013/9/13	57.83	43.0	74.0
2013/9/14	115.88	54.0	276.0
2013/9/15	153.96	76.0	243.0
2013/9/16	144.63	95.0	242.0
2013/9/17	108.96	61.0	141.0
2013/9/18	62.39	38.0	99.0
2013/9/19	40.54	7.0	87.0
2013/9/20	51.71	22.0	84.0
2013/9/21	76.5	46.0	130.0
2013/9/22	134.54	109.0	153.0
2013/9/23	97.17	36.0	182.0
2013/9/24	45.88	16.0	85.0
2013/9/25	32.46	16.0	45.0
2013/9/26	34.33	20.0	49.0
2013/9/27	71.0	36.0	103.0
2013/9/28	50.25	33.0	76.0
2013/9/29	68.08	52.0	111.0
2013/9/30	145.75	80.0	244.0
2013/10/1	98.33	66.0	145.0
2013/10/2	112.08	71.0	159.0
2013/10/3	103.38	71.0	183.0
2013/10/4	104.46	82.0	132.0
2013/10/5	77.29	48.0	122.0
2013/10/6	87.63	55.0	160.0
2013/10/7	113.63	56.0	169.0
2013/10/8	118.42	40.0	207.0
2013/10/9	118.87	70.0	190.0
2013/10/10	196.42	102.0	306.0
2013/10/11	162.71	113.0	222.0
2013/10/12	228.33	98.0	436.0
2013/10/13	130.83	67.0	218.0
2013/10/14	82.78	15.0	154.0
2013/10/15	45.81	18.0	99.0
2013/10/16	23.36	1.0	47.0
2013/10/17	22.91	12.0	38.0
2013/10/18	27.58	17.0	46.0
2013/10/19	60.33	50.0	67.0
2013/10/20	55.2	33.0	78.0
2013/10/21	63.27	29.0	100.0
2013/10/22	48.2	38.0	71.0
2013/10/23	71.06	35.0	100.0
2013/10/24	71.33	58.0	86.0
2013/10/25	84.2	55.0	102.0
2013/10/26	75.75	58.0	84.0
2013/10/27	85.0	85.0	85.0
2013/10/28	71.33	59.0	80.0
2013/10/29	38.14	21.0	62.0
2013/10/30	27.5	23.0	32.0
2013/10/31	38.25	28.0	47.0
2013/11/1	54.25	30.0	96.0
2013/11/2	91.67	38.0	174.0
2013/11/3	72.58	43.0	105.0
2013/11/4	67.67	45.0	111.0
2013/11/5	65.54	23.0	103.0
2013/11/6	77.04	60.0	111.0
2013/11/7	132.17	90.0	172.0
2013/11/8	95.29	75.0	126.0
2013/11/9	106.92	34.0	176.0
2013/11/10	40.5	32.0	59.0
2013/11/11	36.33	24.0	50.0
2013/11/12	35.58	21.0	57.0
2013/11/13	43.79	28.0	73.0
2013/11/14	65.13	43.0	97.0
2013/11/15	88.75	56.0	112.0
2013/11/16	113.21	78.0	158.0
2013/11/17	141.88	86.0	192.0
2013/11/18	173.09	135.0	197.0
2013/11/19	200.88	136.0	280.0
2013/11/20	209.38	144.0	271.0
2013/11/21	166.25	120.0	284.0
2013/11/22	121.79	72.0	157.0
2013/11/23	47.13	33.0	93.0
2013/11/24	44.71	35.0	58.0
2013/11/25	44.0	43.0	45.0
2013/12/1	144.64	114.0	195.0
2013/12/2	217.04	129.0	304.0
2013/12/3	220.42	109.0	299.0
2013/12/4	247.96	167.0	330.0
2013/12/5	140.63	57.0	205.0
2013/12/6	155.71	71.0	320.0
2013/12/7	178.46	127.0	261.0
2013/12/8	198.92	130.0	281.0
2013/12/9	103.92	17.0	273.0
2013/12/10	78.75	43.0	179.0
2013/12/11	79.21	30.0	159.0
2013/12/12	92.58	57.0	137.0
2013/12/13	119.96	67.0	236.0
2013/12/14	98.83	34.0	159.0
2013/12/15	51.0	29.0	84.0
2013/12/16	80.86	39.0	109.0
2013/12/17	105.88	51.0	163.0
2013/12/18	101.21	72.0	149.0
2013/12/19	116.67	82.0	155.0
2013/12/20	112.17	91.0	126.0
2013/12/21	100.25	77.0	121.0
2013/12/22	105.75	78.0	158.0
2013/12/23	137.88	100.0	173.0
2013/12/24	166.71	125.0	208.0
2013/12/25	168.25	130.0	241.0
2013/12/26	106.13	31.0	178.0
2013/12/27	102.96	62.0	167.0
2013/12/28	115.88	80.0	193.0
2013/12/29	123.92	94.0	181.0
2013/12/30	160.83	118.0	213.0
2013/12/31	188.17	140.0	238.0
2014/1/1	170.71	153.0	210.0
2014/1/2	194.83	171.0	238.0
2014/1/3	150.83	65.0	238.0
2014/1/4	128.63	70.0	169.0
2014/1/5	168.08	139.0	206.0
2014/1/6	122.21	54.0	177.0
2014/1/7	65.0	43.0	90.0
2014/1/8	44.08	20.0	79.0
2014/1/9	81.38	44.0	113.0
2014/1/10	89.88	49.0	122.0
2014/1/11	72.21	50.0	98.0
2014/1/12	60.71	24.0	111.0
2014/1/13	67.58	40.0	93.0
2014/1/14	127.04	78.0	160.0
2014/1/15	152.96	111.0	229.0
2014/1/16	159.95	94.0	262.0
2014/1/17	175.08	134.0	238.0
2014/1/18	211.71	139.0	304.0
2014/1/19	103.88	42.0	197.0
2014/1/20	53.08	33.0	96.0
2014/1/21	101.83	70.0	137.0
2014/1/22	164.63	86.0	262.0
2014/1/23	219.67	145.0	267.0
2014/1/24	184.42	115.0	251.0
2014/1/25	178.63	122.0	235.0
2014/1/26	201.42	136.0	264.0
2014/1/27	281.5	206.0	334.0
2014/1/28	268.63	174.0	341.0
2014/1/29	263.54	218.0	314.0
2014/1/30	286.96	256.0	382.0
2014/1/31	380.0	159.0	688.0
2014/2/1	142.33	110.0	178.0
2014/2/2	120.5	93.0	139.0
2014/2/3	126.04	112.0	143.0
2014/2/4	138.33	107.0	167.0
2014/2/5	68.54	32.0	136.0
2014/2/6	25.67	8.0	52.0
2014/2/7	37.96	19.0	68.0
2014/2/8	60.5	12.0	83.0
2014/2/9	45.0	23.0	61.0
2014/2/10	72.21	51.0	97.0
2014/2/11	82.38	60.0	116.0
2014/2/12	94.67	57.0	135.0
2014/2/13	116.71	94.0	155.0
2014/2/14	114.75	77.0	221.0
2014/2/15	139.79	97.0	312.0
2014/2/16	139.0	100.0	173.0
2014/2/17	99.13	61.0	142.0
2014/2/18	80.83	66.0	107.0
2014/2/19	95.79	77.0	140.0
2014/2/20	149.21	106.0	181.0
2014/2/21	147.43	112.0	209.0
2014/2/22	166.75	115.0	195.0
2014/2/23	157.88	115.0	202.0
2014/2/24	126.75	91.0	162.0
2014/2/25	108.04	83.0	135.0
2014/2/26	85.38	20.0	148.0
2014/2/27	39.75	14.0	69.0
2014/2/28	56.08	17.0	106.0
2014/3/1	42.67	31.0	60.0
2014/3/2	49.08	21.0	96.0
2014/3/3	53.21	22.0	101.0
2014/3/4	43.63	30.0	59.0
2014/3/5	59.04	38.0	92.0
2014/3/6	51.58	23.0	84.0
2014/3/7	59.67	24.0	101.0
2014/3/8	30.5	17.0	42.0
2014/3/9	77.17	44.0	140.0
2014/3/10	103.29	69.0	160.0
2014/3/11	107.13	76.0	161.0
2014/3/12	86.17	46.0	114.0
2014/3/13	66.33	33.0	117.0
2014/3/14	40.71	22.0	50.0
2014/3/15	71.63	43.0	103.0
2014/3/16	126.79	69.0	189.0
2014/3/17	129.67	83.0	197.0
2014/3/18	124.78	70.0	155.0
2014/3/19	126.79	56.0	218.0
2014/3/20	46.21	21.0	61.0
2014/3/21	39.0	21.0	63.0
2014/3/22	51.29	29.0	70.0
2014/3/23	72.83	53.0	101.0
2014/3/24	98.33	72.0	128.0
2014/3/25	128.08	95.0	157.0
2014/3/26	159.17	97.0	262.0
2014/3/27	159.0	127.0	203.0
2014/3/28	155.25	80.0	235.0
2014/3/29	155.0	103.0	219.0
2014/3/30	90.25	32.0	207.0
2014/3/31	35.13	27.0	52.0
2014/4/1	36.13	24.0	56.0
2014/4/2	50.71	38.0	69.0
2014/4/3	78.17	41.0	165.0
2014/4/4	55.92	40.0	92.0
2014/4/5	60.38	41.0	93.0
2014/4/6	74.58	42.0	178.0
2014/4/7	86.67	43.0	134.0
2014/4/8	131.5	58.0	244.0
2014/4/9	102.08	53.0	136.0
2014/4/10	106.29	35.0	148.0
2014/4/11	35.79	22.0	52.0
2014/4/12	48.63	19.0	84.0
2014/4/13	61.71	26.0	107.0
2014/4/14	69.04	36.0	102.0
2014/4/15	71.38	51.0	90.0
2014/4/16	68.42	44.0	101.0
2014/4/17	63.25	34.0	140.0
2014/4/18	38.17	11.0	66.0
2014/4/19	23.63	8.0	58.0
2014/4/20	50.46	33.0	72.0
2014/4/21	32.54	15.0	46.0
2014/4/22	35.63	23.0	60.0
2014/4/23	75.04	33.0	132.0
2014/4/24	98.83	41.0	136.0
2014/4/25	80.83	23.0	132.0
2014/4/26	95.25	61.0	125.0
2014/4/27	57.42	29.0	101.0
2014/4/28	72.42	57.0	99.0
2014/4/29	38.63	15.0	63.0
2014/4/30	48.58	31.0	72.0
2014/5/1	80.13	42.0	164.0
2014/5/2	45.25	27.0	60.0
2014/5/3	65.88	47.0	117.0
2014/5/4	46.42	24.0	89.0
2014/5/5	33.09	16.0	98.0
2014/5/6	51.58	34.0	86.0
2014/5/7	144.46	83.0	236.0
2014/5/8	139.33	74.0	294.0
2014/5/9	117.75	80.0	197.0
2014/5/10	47.25	19.0	93.0
2014/5/11	46.25	35.0	62.0
2014/5/12	86.92	45.0	134.0
2014/5/13	102.67	32.0	243.0
2014/5/14	94.71	27.0	206.0
2014/5/15	37.33	26.0	79.0
2014/5/16	69.42	47.0	100.0
2014/5/17	111.38	66.0	166.0
2014/5/18	108.38	48.0	157.0
2014/5/19	89.86	56.0	136.0
2014/5/20	78.42	47.0	109.0
2014/5/21	95.29	77.0	119.0
2014/5/22	88.21	39.0	111.0
2014/5/23	90.54	48.0	134.0
2014/5/24	62.83	44.0	106.0
2014/5/25	73.54	34.0	102.0
2014/5/26	63.38	44.0	93.0
2014/5/27	92.5	67.0	123.0
2014/5/28	106.25	71.0	145.0
2014/5/29	86.25	36.0	132.0
2014/5/30	88.17	68.0	149.0
2014/5/31	108.87	82.0	148.0
2014/6/1	111.29	70.0	160.0
2014/6/2	138.42	85.0	227.0
2014/6/3	73.21	15.0	175.0
2014/6/4	41.13	18.0	65.0
2014/6/5	59.08	39.0	90.0
2014/6/6	60.25	43.0	92.0
2014/6/7	69.88	44.0	136.0
2014/6/8	64.29	48.0	94.0
2014/6/9	74.67	44.0	113.0
2014/6/10	60.13	36.0	102.0
2014/6/11	70.46	52.0	103.0
2014/6/12	51.08	38.0	62.0
2014/6/13	63.0	38.0	103.0
2014/6/14	55.63	31.0	91.0
2014/6/15	71.83	48.0	112.0
2014/6/16	68.79	38.0	114.0
2014/6/17	59.38	37.0	87.0
2014/6/18	69.42	49.0	92.0
2014/6/19	56.17	24.0	115.0
2014/6/20	34.13	13.0	61.0
2014/6/21	43.21	25.0	57.0
2014/6/22	41.17	23.0	76.0
2014/6/23	52.79	25.0	72.0
2014/6/24	46.46	21.0	83.0
2014/6/25	46.79	29.0	64.0
2014/6/26	47.79	20.0	72.0
2014/6/27	78.63	33.0	111.0
2014/6/28	84.46	29.0	202.0
2014/6/29	42.0	18.0	69.0
2014/6/30	42.46	14.0	75.0
2014/7/1	31.29	19.0	52.0
2014/7/2	40.33	22.0	62.0
2014/7/3	57.71	22.0	90.0
2014/7/4	79.5	45.0	109.0
2014/7/5	52.0	29.0	88.0
2014/7/6	65.29	30.0	121.0
2014/7/7	73.5	71.0	76.0
2014/7/14	33.56	22.0	47.0
2014/7/15	36.71	22.0	53.0
2014/7/16	50.08	31.0	115.0
2014/7/17	71.08	27.0	134.0
2014/7/18	78.42	46.0	121.0
2014/7/19	46.79	15.0	85.0
2014/7/20	54.71	20.0	76.0
2014/7/21	61.42	29.0	123.0
2014/7/22	47.5	25.0	71.0
2014/7/23	35.29	11.0	57.0
2014/7/24	25.42	15.0	38.0
2014/7/25	41.83	25.0	102.0
2014/7/26	52.04	30.0	90.0
2014/7/27	80.79	50.0	110.0
2014/7/28	71.04	54.0	105.0
2014/7/29	96.5	67.0	131.0
2014/7/30	101.75	62.0	134.0
2014/7/31	33.79	13.0	86.0
2014/8/1	52.21	21.0	86.0
2014/8/2	69.04	41.0	123.0
2014/8/3	65.88	39.0	101.0
2014/8/4	50.83	14.0	92.0
2014/8/5	61.83	43.0	110.0
2014/8/6	72.58	49.0	112.0
2014/8/7	32.0	6.0	58.0
2014/8/8	34.13	11.0	70.0
2014/8/9	36.17	3.0	217.0
2014/8/10	69.38	27.0	131.0
2014/8/11	37.38	18.0	56.0
2014/8/12	41.33	28.0	62.0
2014/8/13	54.08	27.0	81.0
2014/8/14	69.96	39.0	110.0
2014/8/15	65.04	32.0	112.0
2014/8/16	83.75	59.0	121.0
2014/8/17	80.38	41.0	105.0
2014/8/18	60.38	33.0	100.0
2014/8/19	61.67	41.0	83.0
2014/8/20	75.61	48.0	130.0
2014/8/21	62.17	32.0	101.0
2014/8/22	55.38	34.0	78.0
2014/8/23	57.92	33.0	99.0
2014/8/24	64.67	40.0	107.0
2014/8/25	76.38	50.0	113.0
2014/8/26	51.54	19.0	153.0
2014/8/27	35.46	17.0	56.0
2014/8/28	32.46	13.0	52.0
2014/8/29	39.74	21.0	92.0
2014/8/30	71.0	25.0	119.0
2014/8/31	59.13	19.0	113.0
2014/9/1	33.75	10.0	59.0
2014/9/2	37.63	18.0	60.0
2014/9/3	94.75	38.0	177.0
2014/9/4	53.92	29.0	98.0
2014/9/5	59.54	31.0	106.0
2014/9/6	89.71	40.0	147.0
2014/9/7	49.5	18.0	146.0
2014/9/8	49.0	31.0	79.0
2014/9/9	63.13	30.0	176.0
2014/9/10	37.63	16.0	61.0
2014/9/11	51.21	23.0	87.0
2014/9/12	20.42	10.0	38.0
2014/9/13	32.92	10.0	88.0
2014/9/14	21.29	4.0	59.0
2014/9/15	42.13	28.0	61.0
2014/9/16	37.67	13.0	58.0
2014/9/17	32.38	10.0	50.0
2014/9/18	20.04	10.0	30.0
2014/9/19	34.38	16.0	68.0
2014/9/20	31.79	12.0	72.0
2014/9/21	54.0	33.0	91.0
2014/9/22	43.5	16.0	63.0
2014/9/23	30.29	19.0	57.0
2014/9/24	31.17	14.0	53.0
2014/9/25	60.18	48.0	86.0
2014/9/26	101.43	65.0	172.0
2014/9/27	49.75	24.0	79.0
2014/9/28	33.42	13.0	59.0
2014/9/29	73.67	27.0	134.0
2014/9/30	96.88	41.0	151.0
2014/10/1	62.04	18.0	148.0
2014/10/2	61.78	37.0	105.0
2014/10/4	30.9	21.0	41.0
2014/10/5	42.13	25.0	66.0
2014/10/6	67.88	28.0	137.0
2014/10/7	93.42	59.0	163.0
2014/10/8	124.33	90.0	201.0
2014/10/9	162.13	107.0	264.0
2014/10/10	151.54	93.0	204.0
2014/10/11	58.75	17.0	80.0
2014/10/12	23.96	16.0	43.0
2014/10/13	33.46	22.0	58.0
2014/10/14	58.71	37.0	75.0
2014/10/15	83.75	47.0	126.0
2014/10/16	51.38	33.0	99.0
2014/10/17	62.29	39.0	93.0
2014/10/18	78.58	45.0	118.0
2014/10/19	91.83	58.0	113.0
2014/10/20	93.29	42.0	146.0
2014/10/21	94.0	35.0	148.0
2014/10/22	73.63	37.0	115.0
2014/10/23	97.71	45.0	129.0
2014/10/24	140.42	73.0	209.0
2014/10/25	150.42	82.0	223.0
2014/10/26	210.75	137.0	314.0
2014/10/27	119.96	49.0	232.0
2014/10/28	45.88	20.0	80.0
2014/10/29	36.83	18.0	77.0
2014/10/30	54.67	27.0	74.0
2014/10/31	40.04	16.0	74.0
2014/11/1	26.29	19.0	38.0
2014/11/2	29.5	17.0	40.0
2014/11/3	46.58	26.0	75.0
2014/11/4	62.79	34.0	169.0
2014/11/5	108.96	55.0	158.0
2014/11/6	128.88	79.0	185.0
2014/11/7	71.13	38.0	100.0
2014/11/8	42.38	22.0	83.0
2014/11/9	51.46	37.0	68.0
2014/11/10	58.92	38.0	79.0
2014/11/11	70.96	41.0	111.0
2014/11/12	74.67	37.0	131.0
2014/11/13	53.75	32.0	70.0
2014/11/14	76.33	50.0	121.0
2014/11/15	70.5	46.0	90.0
2014/11/16	52.29	30.0	78.0
2014/11/17	47.83	34.0	68.0
2014/11/18	54.0	40.0	79.0
2014/11/19	76.79	57.0	117.0
2014/11/20	84.08	66.0	105.0
2014/11/21	103.29	80.0	141.0
2014/11/22	77.46	33.0	154.0
2014/11/23	121.38	81.0	167.0
2014/11/24	61.25	36.0	91.0
2014/11/25	81.74	43.0	113.0
2014/11/26	101.04	77.0	143.0
2014/11/27	55.21	38.0	85.0
2014/11/28	56.54	28.0	87.0
2014/11/29	72.71	52.0	106.0
2014/11/30	51.13	25.0	119.0
2014/12/1	46.75	25.0	73.0
2014/12/2	63.04	38.0	86.0
2014/12/3	53.04	27.0	92.0
2014/12/4	68.83	37.0	101.0
2014/12/5	82.46	56.0	112.0
2014/12/6	90.0	64.0	153.0
2014/12/7	79.33	38.0	140.0
2014/12/8	137.79	82.0	286.0
2014/12/9	102.17	24.0	161.0
2014/12/10	40.88	31.0	68.0
2014/12/11	48.32	26.0	80.0
2014/12/12	72.04	34.0	126.0
2014/12/13	81.42	63.0	113.0
2014/12/14	86.0	60.0	118.0
2014/12/15	81.71	22.0	151.0
2014/12/16	35.75	17.0	55.0
2014/12/17	54.96	31.0	83.0
2014/12/18	65.96	39.0	105.0
2014/12/19	96.63	59.0	134.0
2014/12/20	137.83	96.0	206.0
2014/12/21	104.29	38.0	200.0
2014/12/22	104.83	65.0	168.0
2014/12/23	114.13	67.0	169.0
2014/12/24	182.13	144.0	219.0
2014/12/25	163.0	106.0	223.0
2014/12/26	178.88	132.0	229.0
2014/12/27	133.39	93.0	217.0
2014/12/28	107.67	50.0	163.0
2014/12/29	173.88	112.0	217.0
2014/12/30	183.63	149.0	284.0
2014/12/31	219.42	165.0	270.0
2015/1/1	169.25	125.0	210.0
2015/1/2	190.75	162.0	233.0
2015/1/3	174.79	152.0	211.0
2015/1/4	189.17	155.0	233.0
2015/1/5	144.54	82.0	213.0
2015/1/6	49.79	15.0	214.0
2015/1/7	74.71	47.0	105.0
2015/1/8	94.5	61.0	134.0
2015/1/9	106.67	64.0	127.0
2015/1/10	97.88	77.0	115.0
2015/1/11	141.29	81.0	181.0
2015/1/12	129.83	91.0	233.0
2015/1/13	210.13	170.0	288.0
2015/1/14	211.29	153.0	265.0
2015/1/15	247.58	174.0	349.0
2015/1/16	124.42	69.0	172.0
2015/1/17	180.38	137.0	228.0
2015/1/18	83.92	57.0	166.0
2015/1/19	136.25	74.0	170.0
2015/1/20	171.42	113.0	227.0
2015/1/21	179.13	95.0	253.0
2015/1/22	196.63	131.0	296.0
2015/1/23	219.88	147.0	296.0
2015/1/24	169.0	107.0	243.0
2015/1/25	180.63	150.0	253.0
2015/1/26	158.5	136.0	197.0
2015/1/27	160.08	86.0	233.0
2015/1/28	37.42	23.0	67.0
2015/1/29	52.9	32.0	93.0
2015/1/30	67.67	47.0	91.0
2015/1/31	48.21	27.0	71.0
2015/2/1	56.21	40.0	79.0
2015/2/2	84.26	68.0	124.0
2015/2/3	112.38	90.0	130.0
2015/2/4	106.88	57.0	177.0
2015/2/5	88.79	70.0	115.0
2015/2/6	132.67	83.0	181.0
2015/2/7	104.42	55.0	157.0
2015/2/8	100.17	80.0	140.0
2015/2/9	147.38	122.0	170.0
2015/2/10	160.25	108.0	215.0
2015/2/11	160.21	87.0	215.0
2015/2/12	153.58	123.0	197.0
2015/2/13	172.08	112.0	245.0
2015/2/14	178.25	153.0	227.0
2015/2/15	144.67	91.0	202.0
2015/2/16	70.5	37.0	107.0
2015/2/17	101.21	72.0	153.0
2015/2/18	94.46	64.0	178.0
2015/2/19	120.21	56.0	211.0
2015/2/20	59.83	43.0	96.0
2015/2/21	77.21	59.0	109.0
2015/2/22	42.13	25.0	72.0
2015/2/23	35.92	16.0	55.0
2015/2/24	48.5	38.0	57.0
2015/2/25	39.63	29.0	54.0
2015/2/26	38.63	27.0	52.0
2015/2/27	45.09	25.0	84.0
2015/2/28	32.54	14.0	55.0
2015/3/1	47.08	31.0	60.0
2015/3/2	64.5	36.0	101.0
2015/3/3	71.88	41.0	103.0
2015/3/4	53.04	20.0	75.0
2015/3/5	50.3	22.0	73.0
2015/3/6	75.67	54.0	110.0
2015/3/7	109.5	93.0	133.0
2015/3/8	82.38	42.0	119.0
2015/3/9	102.83	63.0	156.0
2015/3/10	86.38	67.0	104.0
2015/3/11	67.29	45.0	95.0
2015/3/12	100.46	75.0	127.0
2015/3/13	101.17	61.0	130.0
2015/3/14	118.42	76.0	159.0
2015/3/15	111.96	88.0	163.0
2015/3/16	108.71	83.0	139.0
2015/3/17	73.88	47.0	105.0
2015/3/18	60.08	34.0	98.0
2015/3/19	45.67	16.0	110.0
2015/3/20	43.88	30.0	75.0
2015/3/21	52.54	27.0	86.0
2015/3/22	56.21	37.0	77.0
2015/3/23	45.54	21.0	82.0
2015/3/24	38.46	25.0	55.0
2015/3/25	70.04	53.0	115.0
2015/3/26	77.71	58.0	102.0
2015/3/27	120.91	90.0	143.0
2015/3/28	148.79	119.0	181.0
2015/3/29	110.04	55.0	163.0
2015/3/30	90.08	63.0	127.0
2015/3/31	101.88	67.0	148.0
2015/4/1	73.58	52.0	95.0
2015/4/2	40.04	22.0	54.0
2015/4/3	48.92	36.0	73.0
2015/4/4	29.13	9.0	41.0
2015/4/5	24.13	7.0	43.0
2015/4/6	15.42	7.0	26.0
2015/4/7	26.38	15.0	35.0
2015/4/8	46.63	23.0	73.0
2015/4/9	46.96	30.0	69.0
2015/4/10	43.25	27.0	69.0
2015/4/11	54.75	23.0	93.0
2015/4/12	61.7	32.0	114.0
2015/4/13	74.5	47.0	127.0
2015/4/14	85.79	54.0	131.0
2015/4/15	99.96	47.0	160.0
2015/4/16	91.42	60.0	169.0
2015/4/17	84.29	48.0	132.0
2015/4/18	56.25	27.0	78.0
2015/4/19	37.83	19.0	59.0
2015/4/20	50.33	20.0	83.0
2015/4/21	38.88	16.0	65.0
2015/4/22	34.0	11.0	59.0
2015/4/23	55.04	43.0	77.0
2015/4/24	54.36	35.0	75.0
2015/4/25	64.38	40.0	92.0
2015/4/26	106.54	79.0	150.0
2015/4/27	110.79	65.0	172.0
2015/4/28	118.5	64.0	185.0
2015/4/29	108.29	49.0	209.0
2015/4/30	98.79	48.0	197.0
2015/5/1	32.64	4.0	72.0
2015/5/2	52.67	32.0	81.0
2015/5/3	57.21	20.0	122.0
2015/5/4	29.0	12.0	83.0
2015/5/5	64.46	36.0	90.0
2015/5/6	96.46	64.0	143.0
2015/5/7	98.25	52.0	139.0
2015/5/8	35.71	25.0	53.0
2015/5/9	61.5	39.0	93.0
2015/5/10	71.21	18.0	151.0
2015/5/11	51.25	17.0	86.0
2015/5/12	55.21	30.0	77.0
2015/5/13	69.5	45.0	103.0
2015/5/14	81.63	57.0	116.0
2015/5/15	62.96	36.0	113.0
2015/5/16	37.67	26.0	48.0
2015/5/17	61.75	29.0	94.0
2015/5/18	77.08	30.0	148.0
2015/5/19	68.88	56.0	91.0
2015/5/20	70.46	44.0	106.0
2015/5/21	37.96	12.0	60.0
2015/5/22	25.0	14.0	43.0
2015/5/23	36.54	28.0	56.0
2015/5/24	40.71	25.0	67.0
2015/5/25	55.92	35.0	89.0
2015/5/26	91.13	42.0	204.0
2015/5/27	104.13	54.0	224.0
2015/5/28	69.27	21.0	104.0
2015/5/29	24.05	11.0	61.0
2015/5/30	39.96	20.0	71.0
2015/5/31	43.58	24.0	79.0
2015/6/1	54.63	38.0	82.0
2015/6/2	54.04	17.0	112.0
2015/6/3	29.75	10.0	45.0
2015/6/4	26.79	7.0	46.0
2015/6/5	22.29	6.0	40.0
2015/6/6	42.04	29.0	62.0
2015/6/7	59.5	37.0	112.0
2015/6/8	49.63	30.0	88.0
2015/6/9	45.29	24.0	72.0
2015/6/10	77.83	56.0	99.0
2015/6/11	52.13	31.0	83.0
2015/6/12	38.92	21.0	60.0
2015/6/13	35.21	20.0	57.0
2015/6/14	47.42	26.0	81.0
2015/6/15	56.42	39.0	89.0
2015/6/16	96.29	57.0	143.0
2015/6/17	63.42	39.0	97.0
2015/6/18	47.46	19.0	82.0
2015/6/19	58.04	28.0	90.0
2015/6/20	33.83	15.0	52.0
2015/6/21	48.58	28.0	65.0
2015/6/22	65.42	44.0	99.0
2015/6/23	27.0	11.0	51.0
2015/6/24	21.25	11.0	33.0
2015/6/25	44.0	16.0	69.0
2015/6/26	69.59	45.0	123.0
2015/6/27	53.75	22.0	92.0
2015/6/28	39.21	15.0	77.0
2015/6/29	29.5	15.0	51.0
2015/6/30	45.17	31.0	60.0
2015/7/1	38.13	27.0	59.0
2015/7/2	54.54	37.0	119.0
2015/7/3	25.29	9.0	48.0
2015/7/4	37.5	15.0	58.0
2015/7/5	42.33	27.0	67.0
2015/7/6	29.18	19.0	42.0
2015/7/8	63.13	34.0	106.0
2015/7/9	56.75	36.0	78.0
2015/7/10	57.08	38.0	81.0
2015/7/11	59.29	45.0	85.0
2015/7/12	73.38	54.0	100.0
2015/7/13	75.17	50.0	119.0
2015/7/14	71.83	45.0	105.0
2015/7/15	42.13	27.0	66.0
2015/7/16	62.42	30.0	100.0
2015/7/17	46.5	24.0	65.0
2015/7/18	59.42	37.0	76.0
2015/7/19	51.21	30.0	68.0
2015/7/20	67.21	35.0	105.0
2015/7/21	58.5	37.0	79.0
2015/7/22	33.18	17.0	58.0
2015/7/23	24.71	14.0	43.0
2015/7/24	18.0	1.0	53.0
2015/7/25	7.87	1.0	17.0
2015/7/26	7.92	3.0	14.0
2015/7/27	8.0	1.0	16.0
2015/7/28	32.32	1.0	58.0
2015/7/29	65.17	47.0	99.0
2015/7/30	48.58	37.0	67.0
2015/7/31	50.92	32.0	73.0
2015/8/1	37.75	17.0	56.0
2015/8/2	32.33	19.0	45.0
2015/8/3	39.38	28.0	58.0
2015/8/4	25.42	11.0	44.0
2015/8/5	28.08	15.0	41.0
2015/8/6	49.42	22.0	79.0
2015/8/7	50.63	18.0	96.0
2015/8/8	27.71	11.0	47.0
2015/8/9	28.08	12.0	50.0
2015/8/10	39.63	19.0	61.0
2015/8/11	49.96	37.0	64.0
2015/8/12	56.38	39.0	79.0
2015/8/13	85.79	46.0	123.0
2015/8/14	57.54	16.0	106.0
2015/8/15	37.54	20.0	52.0
2015/8/16	45.25	20.0	96.0
2015/8/17	14.39	1.0	33.0
2015/8/18	35.25	19.0	57.0
2015/8/19	25.58	5.0	45.0
2015/8/20	36.5	25.0	54.0
2015/8/21	63.5	32.0	143.0
2015/8/22	86.79	54.0	124.0
2015/8/23	86.0	48.0	138.0
2015/8/24	60.96	33.0	116.0
2015/8/25	52.13	30.0	89.0
2015/8/26	52.45	20.0	105.0
2015/8/27	56.57	41.0	94.0
2015/8/28	69.88	45.0	102.0
2015/8/29	55.04	40.0	69.0
2015/8/30	83.71	38.0	162.0
2015/8/31	94.75	70.0	139.0
2015/9/1	92.5	70.0	109.0
2015/9/2	69.0	38.0	114.0
2015/9/3	43.33	17.0	65.0
2015/9/4	38.33	15.0	50.0
2015/9/5	48.5	36.0	66.0
2015/9/6	29.96	9.0	45.0
2015/9/7	40.54	32.0	53.0
2015/9/8	32.0	17.0	53.0
2015/9/9	17.79	9.0	30.0
2015/9/10	14.92	3.0	22.0
2015/9/11	28.21	4.0	52.0
2015/9/12	44.33	21.0	64.0
2015/9/13	40.75	19.0	69.0
2015/9/14	52.29	29.0	104.0
2015/9/15	97.76	62.0	131.0
2015/9/16	45.54	25.0	87.0
2015/9/17	34.75	18.0	53.0
2015/9/18	33.71	24.0	57.0
2015/9/19	49.04	25.0	85.0
2015/9/20	58.54	29.0	80.0
2015/9/21	53.48	31.0	86.0
2015/9/22	49.88	37.0	74.0
2015/9/23	59.13	41.0	87.0
2015/9/24	28.92	19.0	42.0
2015/9/25	33.71	21.0	66.0
2015/9/26	45.63	34.0	86.0
2015/9/27	33.75	20.0	51.0
2015/9/28	36.33	16.0	52.0
2015/9/29	45.46	32.0	59.0
2015/9/30	72.33	31.0	98.0
2015/10/1	30.96	12.0	50.0
2015/10/2	56.17	35.0	76.0
2015/10/3	71.04	19.0	145.0
2015/10/4	22.08	13.0	30.0
2015/10/5	48.83	21.0	88.0
2015/10/6	124.04	68.0	190.0
2015/10/7	115.38	53.0	176.0
2015/10/8	105.46	42.0	177.0
2015/10/9	43.58	30.0	59.0
2015/10/10	52.71	20.0	85.0
2015/10/11	63.04	36.0	93.0
2015/10/12	85.79	41.0	147.0
2015/10/13	101.21	67.0	149.0
2015/10/14	112.29	86.0	144.0
2015/10/15	134.42	93.0	183.0
2015/10/16	127.0	78.0	196.0
2015/10/17	89.63	35.0	157.0
2015/10/18	66.21	40.0	92.0
2015/10/19	104.13	71.0	148.0
2015/10/20	96.96	54.0	160.0
2015/10/21	113.79	68.0	170.0
2015/10/22	70.92	37.0	138.0
2015/10/23	59.63	43.0	79.0
2015/10/24	70.38	45.0	101.0
2015/10/25	55.67	38.0	92.0
2015/10/26	39.83	10.0	80.0
2015/10/27	32.0	20.0	49.0
2015/10/28	48.54	20.0	71.0
2015/10/29	38.25	22.0	50.0
2015/10/30	33.55	24.0	51.0
2015/10/31	23.04	14.0	37.0
2015/11/1	42.08	27.0	61.0
2015/11/2	66.58	45.0	100.0
2015/11/3	93.33	77.0	114.0
2015/11/4	92.08	80.0	119.0
2015/11/5	83.17	70.0	108.0
2015/11/6	84.92	24.0	140.0
2015/11/7	28.21	17.0	61.0
2015/11/8	33.88	16.0	58.0
2015/11/9	80.63	58.0	108.0
2015/11/10	48.13	24.0	83.0
2015/11/11	30.58	16.0	57.0
2015/11/12	27.42	12.0	41.0
2015/11/13	39.04	22.0	59.0
2015/11/14	62.58	45.0	92.0
2015/11/15	43.54	18.0	66.0
2015/11/16	58.17	39.0	70.0
2015/11/17	57.96	38.0	75.0
2015/11/18	63.33	49.0	78.0
2015/11/19	77.92	55.0	94.0
2015/11/20	91.33	70.0	131.0
2015/11/21	81.13	57.0	111.0
2015/11/22	69.13	51.0	109.0
2015/11/23	57.96	22.0	124.0
2015/11/24	22.71	12.0	34.0
2015/11/25	36.5	20.0	58.0
2015/11/26	69.79	42.0	117.0
2015/11/27	62.17	42.0	77.0
2015/11/28	59.0	27.0	105.0
2015/11/29	72.5	44.0	107.0
2015/11/30	67.32	47.0	96.0
2015/12/1	95.08	75.0	117.0
2015/12/2	79.5	48.0	114.0
2015/12/3	65.7	35.0	102.0
2015/12/4	45.79	33.0	58.0
2015/12/5	52.58	39.0	90.0
2015/12/6	68.75	47.0	137.0
2015/12/7	101.79	77.0	132.0
2015/12/8	91.46	60.0	128.0
2015/12/9	91.25	64.0	129.0
2015/12/10	118.79	99.0	234.0
2015/12/11	98.63	66.0	122.0
2015/12/12	40.33	27.0	68.0
2015/12/13	41.63	26.0	60.0
2015/12/14	48.46	16.0	87.0
2015/12/15	42.58	30.0	62.0
2015/12/16	54.38	27.0	96.0
2015/12/17	83.75	39.0	167.0
2015/12/18	75.54	56.0	124.0
2015/12/19	80.83	51.0	115.0
2015/12/20	70.84	51.0	96.0
2015/12/21	106.89	57.0	139.0
2015/12/22	107.46	62.0	144.0
2015/12/23	96.52	62.0	164.0
2015/12/24	102.0	60.0	146.0
2015/12/25	104.96	65.0	151.0
2015/12/26	123.92	78.0	198.0
2015/12/27	187.13	135.0	278.0
2015/12/28	184.17	140.0	242.0
2015/12/29	266.29	140.0	371.0
2015/12/30	288.67	168.0	399.0
2015/12/31	246.08	209.0	302.0
