2013/1/1	57.08	35.0	95.0
2013/1/2	70.08	51.0	92.0
2013/1/3	57.54	43.0	133.0
2013/1/4	34.42	26.0	47.0
2013/1/5	29.39	17.0	40.0
2013/1/6	39.29	28.0	54.0
2013/1/7	64.46	41.0	110.0
2013/1/8	69.75	47.0	107.0
2013/1/9	53.5	43.0	63.0
2013/1/10	93.46	70.0	115.0
2013/1/11	100.87	81.0	125.0
2013/1/12	81.75	14.0	119.0
2013/1/13	57.54	23.0	113.0
2013/1/14	81.65	37.0	184.0
2013/1/15	114.13	63.0	169.0
2013/1/16	144.88	72.0	221.0
2013/1/17	94.83	58.0	193.0
2013/1/18	96.78	64.0	129.0
2013/1/19	91.75	71.0	125.0
2013/1/20	104.5	63.0	195.0
2013/1/21	155.88	120.0	189.0
2013/1/22	102.29	49.0	147.0
2013/1/23	102.29	91.0	142.0
2013/1/24	126.83	75.0	212.0
2013/1/25	57.54	28.0	81.0
2013/1/26	105.88	63.0	155.0
2013/1/27	60.25	43.0	87.0
2013/1/28	80.75	52.0	142.0
2013/1/29	88.21	60.0	118.0
2013/1/30	67.04	50.0	89.0
2013/1/31	91.83	56.0	163.0
2013/2/1	84.67	49.0	134.0
2013/2/2	97.88	34.0	180.0
2013/2/3	58.42	35.0	98.0
2013/2/4	116.71	68.0	212.0
2013/2/5	115.58	34.0	175.0
2013/2/6	31.75	20.0	46.0
2013/2/7	36.29	23.0	48.0
2013/2/8	13.23	1.0	37.0
2013/2/9	18.42	5.0	32.0
2013/2/10	40.67	22.0	68.0
2013/2/11	46.5	39.0	55.0
2013/2/14	61.53	41.0	75.0
2013/2/15	48.58	15.0	95.0
2013/2/16	40.42	10.0	69.0
2013/2/17	58.5	40.0	81.0
2013/2/18	62.71	33.0	102.0
2013/2/19	41.63	15.0	91.0
2013/2/20	27.09	13.0	44.0
2013/2/21	46.33	28.0	68.0
2013/2/22	30.71	23.0	54.0
2013/2/23	32.58	12.0	70.0
2013/2/24	74.83	48.0	130.0
2013/2/25	103.75	57.0	163.0
2013/2/26	100.29	50.0	179.0
2013/2/27	110.46	60.0	170.0
2013/2/28	65.48	27.0	174.0
2013/3/1	60.83	30.0	96.0
2013/3/2	35.96	8.0	115.0
2013/3/3	37.58	24.0	58.0
2013/3/4	61.75	40.0	124.0
2013/3/5	126.13	60.0	224.0
2013/3/6	105.96	69.0	134.0
2013/3/7	100.75	79.0	146.0
2013/3/8	121.29	95.0	154.0
2013/3/9	84.88	65.0	107.0
2013/3/10	81.63	58.0	129.0
2013/3/11	62.54	36.0	121.0
2013/3/12	63.0	43.0	88.0
2013/3/13	74.25	35.0	124.0
2013/3/14	65.21	43.0	90.0
2013/3/15	115.63	74.0	182.0
2013/3/16	76.46	47.0	177.0
2013/3/17	65.67	50.0	87.0
2013/3/18	107.63	70.0	174.0
2013/3/19	49.5	20.0	151.0
2013/3/20	39.63	15.0	100.0
2013/3/21	73.17	35.0	106.0
2013/3/22	64.21	49.0	89.0
2013/3/23	61.17	42.0	83.0
2013/3/24	68.38	17.0	119.0
2013/3/25	53.38	37.0	84.0
2013/3/26	44.35	5.0	83.0
2013/3/27	32.5	11.0	54.0
2013/3/28	40.38	16.0	69.0
2013/3/29	68.7	59.0	80.0
2013/3/30	43.46	12.0	68.0
2013/3/31	40.75	20.0	71.0
2013/4/1	69.5	41.0	130.0
2013/4/2	135.54	93.0	184.0
2013/4/3	89.17	37.0	125.0
2013/4/4	91.21	55.0	109.0
2013/4/5	59.08	27.0	84.0
2013/4/6	21.36	8.0	53.0
2013/4/7	41.58	15.0	62.0
2013/4/8	73.08	50.0	100.0
2013/4/9	61.54	48.0	79.0
2013/4/10	66.13	13.0	107.0
2013/4/11	67.5	34.0	112.0
2013/4/12	53.96	22.0	74.0
2013/4/13	109.5	66.0	162.0
2013/4/14	111.29	56.0	240.0
2013/4/15	162.67	86.0	254.0
2013/4/16	108.13	82.0	149.0
2013/4/17	69.63	37.0	92.0
2013/4/18	54.43	24.0	79.0
2013/4/19	34.17	12.0	58.0
2013/4/20	33.38	16.0	57.0
2013/4/21	42.21	16.0	76.0
2013/4/22	68.46	52.0	88.0
2013/4/23	67.32	35.0	113.0
2013/4/24	57.17	30.0	76.0
2013/4/25	67.88	11.0	148.0
2013/4/26	28.17	9.0	50.0
2013/4/27	77.25	37.0	131.0
2013/4/28	87.71	64.0	144.0
2013/4/29	45.21	20.0	71.0
2013/4/30	38.87	4.0	95.0
2013/5/1	29.13	16.0	47.0
2013/5/2	35.54	24.0	59.0
2013/5/3	41.04	21.0	57.0
2013/5/4	31.71	17.0	53.0
2013/5/5	59.17	21.0	129.0
2013/5/6	70.88	32.0	108.0
2013/5/7	48.25	23.0	69.0
2013/5/8	37.0	1.0	80.0
2013/5/9	32.46	3.0	51.0
2013/5/10	53.79	21.0	104.0
2013/5/11	52.79	19.0	83.0
2013/5/12	73.0	41.0	154.0
2013/5/13	46.88	17.0	66.0
2013/5/14	32.22	11.0	55.0
2013/5/15	23.63	14.0	35.0
2013/5/16	31.38	4.0	59.0
2013/5/17	77.13	24.0	198.0
2013/5/18	62.54	25.0	183.0
2013/5/19	31.43	12.0	46.0
2013/5/20	36.0	10.0	67.0
2013/5/21	72.58	30.0	180.0
2013/5/22	29.79	8.0	80.0
2013/5/23	33.46	12.0	60.0
2013/5/24	37.46	16.0	60.0
2013/5/25	19.46	3.0	50.0
2013/5/26	13.65	2.0	22.0
2013/5/27	25.5	12.0	44.0
2013/5/28	27.87	14.0	45.0
2013/5/29	26.58	2.0	65.0
2013/5/30	41.79	7.0	73.0
2013/5/31	42.17	19.0	103.0
2013/6/1	24.88	6.0	41.0
2013/6/2	25.29	6.0	39.0
2013/6/3	44.42	9.0	83.0
2013/6/4	38.29	4.0	72.0
2013/6/5	21.38	6.0	47.0
2013/6/6	24.33	4.0	54.0
2013/6/7	19.58	6.0	33.0
2013/6/8	17.54	5.0	33.0
2013/6/9	22.87	6.0	37.0
2013/6/10	21.79	9.0	38.0
2013/6/11	21.63	1.0	39.0
2013/6/12	42.25	22.0	60.0
2013/6/13	29.57	14.0	55.0
2013/6/14	24.42	9.0	36.0
2013/6/15	19.59	1.0	35.0
2013/6/16	18.58	8.0	41.0
2013/6/17	18.63	7.0	37.0
2013/6/18	26.54	12.0	46.0
2013/6/19	29.7	1.0	52.0
2013/6/20	36.0	6.0	78.0
2013/6/21	24.3	6.0	45.0
2013/6/22	12.25	1.0	28.0
2013/6/23	18.32	1.0	30.0
2013/6/24	14.17	3.0	39.0
2013/6/25	27.76	3.0	62.0
2013/6/26	27.96	4.0	62.0
2013/6/27	24.71	8.0	52.0
2013/6/28	25.63	17.0	39.0
2013/6/29	23.29	12.0	36.0
2013/6/30	23.58	11.0	39.0
2013/7/1	18.17	2.0	40.0
2013/7/2	19.0	4.0	33.0
2013/7/3	18.3	4.0	30.0
2013/7/4	21.33	8.0	32.0
2013/7/5	21.5	13.0	27.0
2013/7/8	17.56	12.0	20.0
2013/7/9	12.46	5.0	26.0
2013/7/10	21.08	5.0	48.0
2013/7/11	37.88	12.0	75.0
2013/7/12	55.75	17.0	96.0
2013/7/13	66.75	40.0	108.0
2013/7/14	28.83	12.0	50.0
2013/7/15	24.0	6.0	49.0
2013/7/16	23.33	9.0	43.0
2013/7/17	19.17	9.0	39.0
2013/7/18	27.08	6.0	58.0
2013/7/19	37.5	14.0	64.0
2013/7/20	14.52	2.0	32.0
2013/7/21	27.0	9.0	51.0
2013/7/22	25.43	11.0	40.0
2013/7/23	25.58	11.0	46.0
2013/7/24	15.54	4.0	27.0
2013/7/25	17.88	5.0	41.0
2013/7/26	8.71	1.0	21.0
2013/7/27	12.17	2.0	25.0
2013/7/28	12.79	4.0	24.0
2013/7/29	24.35	1.0	36.0
2013/7/30	40.46	6.0	98.0
2013/7/31	22.91	9.0	40.0
2013/8/1	21.58	9.0	33.0
2013/8/2	22.08	6.0	47.0
2013/8/3	26.0	11.0	48.0
2013/8/4	27.88	6.0	55.0
2013/8/5	46.09	21.0	90.0
2013/8/6	20.42	8.0	38.0
2013/8/7	18.29	2.0	44.0
2013/8/8	24.42	5.0	36.0
2013/8/9	40.04	14.0	64.0
2013/8/10	71.86	20.0	139.0
2013/8/11	37.46	22.0	51.0
2013/8/13	42.0	42.0	42.0
2013/8/14	22.24	10.0	38.0
2013/8/15	20.17	1.0	35.0
2013/8/16	20.33	10.0	32.0
2013/8/17	27.42	16.0	47.0
2013/8/18	37.13	19.0	58.0
2013/8/19	51.46	20.0	102.0
2013/8/20	87.67	32.0	181.0
2013/8/21	64.57	26.0	100.0
2013/8/22	83.38	44.0	117.0
2013/8/23	47.71	17.0	77.0
2013/8/24	28.46	14.0	48.0
2013/8/25	48.04	23.0	70.0
2013/8/26	46.33	22.0	68.0
2013/8/27	45.71	28.0	78.0
2013/8/28	54.46	20.0	79.0
2013/8/29	57.22	17.0	130.0
2013/8/30	56.04	11.0	92.0
2013/8/31	59.09	32.0	100.0
2013/9/1	96.13	29.0	186.0
2013/9/2	67.33	7.0	113.0
2013/9/3	36.21	18.0	58.0
2013/9/4	37.33	7.0	63.0
2013/9/5	64.0	31.0	80.0
2013/9/6	67.54	44.0	92.0
2013/9/7	63.04	50.0	88.0
2013/9/8	59.33	34.0	82.0
2013/9/9	59.08	41.0	84.0
2013/9/10	46.21	18.0	75.0
2013/9/11	35.17	16.0	64.0
2013/9/12	46.54	20.0	73.0
2013/9/13	49.38	16.0	76.0
2013/9/14	25.67	11.0	48.0
2013/9/15	43.88	25.0	88.0
2013/9/16	35.13	23.0	51.0
2013/9/17	51.29	33.0	68.0
2013/9/18	44.33	26.0	81.0
2013/9/19	29.04	14.0	48.0
2013/9/20	36.87	14.0	61.0
2013/9/21	38.38	28.0	48.0
2013/9/22	50.75	37.0	80.0
2013/9/23	60.58	16.0	101.0
2013/9/24	42.71	22.0	87.0
2013/9/25	30.71	19.0	46.0
2013/9/26	24.67	11.0	35.0
2013/9/27	36.75	10.0	61.0
2013/9/28	41.58	24.0	63.0
2013/9/29	41.04	27.0	53.0
2013/9/30	54.79	40.0	69.0
2013/10/1	53.71	42.0	67.0
2013/10/2	50.38	32.0	70.0
2013/10/4	81.93	68.0	98.0
2013/10/5	60.5	40.0	79.0
2013/10/6	57.5	46.0	82.0
2013/10/7	90.71	67.0	124.0
2013/10/8	84.88	47.0	134.0
2013/10/9	39.96	20.0	59.0
2013/10/10	48.68	32.0	67.0
2013/10/11	39.46	22.0	59.0
2013/10/12	51.96	27.0	91.0
2013/10/13	64.58	34.0	106.0
2013/10/14	57.04	42.0	72.0
2013/10/15	47.29	30.0	125.0
2013/10/16	101.42	64.0	145.0
2013/10/17	62.43	53.0	106.0
2013/10/18	65.88	52.0	81.0
2013/10/19	82.33	69.0	106.0
2013/10/20	86.96	75.0	94.0
2013/10/21	78.58	63.0	91.0
2013/10/22	76.13	58.0	96.0
2013/10/23	95.04	69.0	115.0
2013/10/24	62.48	42.0	85.0
2013/10/25	64.96	47.0	89.0
2013/10/26	61.96	44.0	84.0
2013/10/27	79.0	58.0	135.0
2013/10/28	108.13	83.0	151.0
2013/10/29	94.46	71.0	124.0
2013/10/30	100.58	59.0	145.0
2013/10/31	77.58	45.0	120.0
2013/11/1	85.42	51.0	114.0
2013/11/2	73.83	55.0	87.0
2013/11/3	76.29	59.0	94.0
2013/11/4	66.63	52.0	93.0
2013/11/5	66.83	48.0	91.0
2013/11/6	51.96	42.0	65.0
2013/11/7	71.46	42.0	133.0
2013/11/8	82.88	55.0	114.0
2013/11/9	75.26	46.0	114.0
2013/11/10	41.77	17.0	72.0
2013/11/11	46.17	30.0	73.0
2013/11/12	19.42	3.0	51.0
2013/11/13	20.1	1.0	39.0
2013/11/14	33.0	17.0	44.0
2013/11/15	36.17	20.0	51.0
2013/11/16	55.17	37.0	75.0
2013/11/17	53.04	35.0	87.0
2013/11/18	53.83	35.0	79.0
2013/11/19	59.79	48.0	77.0
2013/11/20	83.83	67.0	104.0
2013/11/21	69.75	56.0	98.0
2013/11/22	99.74	51.0	157.0
2013/11/23	90.25	51.0	115.0
2013/11/24	48.58	9.0	121.0
2013/11/25	29.83	18.0	48.0
2013/11/26	47.96	22.0	95.0
2013/11/27	52.67	15.0	104.0
2013/11/28	34.0	19.0	44.0
2013/11/29	26.88	17.0	43.0
2013/11/30	33.67	19.0	57.0
2013/12/1	35.08	26.0	55.0
2013/12/2	51.67	30.0	133.0
2013/12/3	112.71	78.0	170.0
2013/12/4	89.54	46.0	174.0
2013/12/5	54.92	35.0	106.0
2013/12/6	72.38	51.0	99.0
2013/12/7	93.13	75.0	129.0
2013/12/8	120.82	112.0	146.0
2013/12/9	111.0	102.0	129.0
2013/12/10	123.56	110.0	137.0
2013/12/11	103.5	71.0	153.0
2013/12/12	107.04	71.0	169.0
2013/12/13	127.38	102.0	170.0
2013/12/14	73.68	44.0	96.0
2013/12/15	42.67	16.0	58.0
2013/12/16	12.5	2.0	22.0
2013/12/17	21.83	12.0	33.0
2013/12/18	22.96	14.0	38.0
2013/12/19	31.17	20.0	53.0
2013/12/20	48.17	33.0	71.0
2013/12/21	78.58	55.0	105.0
2013/12/22	69.33	56.0	83.0
2013/12/23	71.25	55.0	103.0
2013/12/24	68.08	56.0	95.0
2013/12/25	83.67	61.0	110.0
2013/12/26	69.63	58.0	77.0
2013/12/27	132.79	74.0	178.0
2013/12/28	95.75	48.0	134.0
2013/12/29	53.38	37.0	86.0
2013/12/30	73.25	45.0	125.0
2013/12/31	78.63	66.0	91.0
2014/1/1	86.46	56.0	138.0
2014/1/2	122.42	92.0	155.0
2014/1/3	132.17	91.0	163.0
2014/1/4	120.0	105.0	138.0
2014/1/5	103.25	69.0	158.0
2014/1/6	153.04	95.0	210.0
2014/1/7	81.58	51.0	107.0
2014/1/8	93.67	43.0	166.0
2014/1/9	49.21	37.0	76.0
2014/1/10	72.5	48.0	107.0
2014/1/11	105.5	64.0	182.0
2014/1/12	84.42	34.0	183.0
2014/1/13	38.17	24.0	58.0
2014/1/14	41.88	28.0	60.0
2014/1/15	68.64	52.0	107.0
2014/1/16	95.67	72.0	133.0
2014/1/17	106.7	63.0	159.0
2014/1/18	65.21	53.0	92.0
2014/1/19	98.33	77.0	120.0
2014/1/20	92.75	76.0	117.0
2014/1/21	62.75	20.0	83.0
2014/1/22	49.42	29.0	76.0
2014/1/23	87.79	72.0	116.0
2014/1/24	56.38	27.0	85.0
2014/1/25	69.13	33.0	126.0
2014/1/26	74.42	49.0	103.0
2014/1/27	90.5	67.0	114.0
2014/1/28	80.79	51.0	132.0
2014/1/29	89.92	54.0	137.0
2014/1/30	81.92	57.0	123.0
2014/1/31	126.83	16.0	260.0
2014/2/1	49.67	20.0	84.0
2014/2/2	43.58	31.0	64.0
2014/2/3	48.04	35.0	72.0
2014/2/4	52.21	28.0	94.0
2014/2/5	32.33	16.0	45.0
2014/2/6	30.63	17.0	42.0
2014/2/7	31.63	18.0	55.0
2014/2/8	20.08	3.0	30.0
2014/2/9	8.92	5.0	15.0
2014/2/10	31.58	9.0	47.0
2014/2/11	41.38	35.0	53.0
2014/2/12	51.27	30.0	67.0
2014/2/13	36.0	23.0	56.0
2014/2/14	46.33	27.0	63.0
2014/2/15	53.38	37.0	85.0
2014/2/16	71.71	49.0	94.0
2014/2/17	138.42	91.0	203.0
2014/2/18	40.92	5.0	139.0
2014/2/19	21.88	10.0	83.0
2014/2/20	43.7	19.0	95.0
2014/2/21	71.54	45.0	104.0
2014/2/22	68.04	42.0	102.0
2014/2/23	65.29	48.0	101.0
2014/2/24	53.63	25.0	72.0
2014/2/25	45.42	32.0	67.0
2014/2/26	64.63	35.0	122.0
2014/2/27	41.58	27.0	65.0
2014/2/28	48.21	37.0	63.0
2014/3/1	50.29	33.0	140.0
2014/3/2	33.42	11.0	68.0
2014/3/3	65.67	29.0	95.0
2014/3/4	59.96	23.0	118.0
2014/3/5	26.04	10.0	54.0
2014/3/6	71.42	35.0	118.0
2014/3/7	29.63	9.0	56.0
2014/3/8	46.5	14.0	90.0
2014/3/9	21.63	6.0	43.0
2014/3/10	33.96	22.0	55.0
2014/3/11	55.21	32.0	93.0
2014/3/12	130.9	96.0	201.0
2014/3/13	36.65	6.0	71.0
2014/3/14	53.08	41.0	74.0
2014/3/15	64.05	45.0	85.0
2014/3/16	100.5	65.0	177.0
2014/3/17	113.3	61.0	179.0
2014/3/18	64.17	28.0	188.0
2014/3/19	54.33	35.0	69.0
2014/3/20	69.43	26.0	135.0
2014/3/21	57.62	39.0	100.0
2014/3/22	62.78	27.0	135.0
2014/3/23	76.96	35.0	114.0
2014/3/24	54.38	32.0	88.0
2014/3/25	55.96	32.0	137.0
2014/3/26	61.52	42.0	78.0
2014/3/27	37.09	19.0	66.0
2014/3/28	31.45	16.0	54.0
2014/3/29	39.08	27.0	67.0
2014/3/30	43.64	1.0	227.0
2014/3/31	24.29	6.0	122.0
2014/4/1	47.4	13.0	79.0
2014/4/2	29.85	20.0	41.0
2014/4/3	42.35	16.0	81.0
2014/4/4	54.79	34.0	73.0
2014/4/5	63.38	43.0	89.0
2014/4/6	65.61	40.0	97.0
2014/4/7	58.59	39.0	119.0
2014/4/8	56.63	41.0	85.0
2014/4/9	68.33	31.0	95.0
2014/4/10	43.42	27.0	53.0
2014/4/11	39.21	23.0	55.0
2014/4/12	40.17	28.0	53.0
2014/4/13	59.6	26.0	132.0
2014/4/14	53.63	30.0	103.0
2014/4/15	36.92	26.0	50.0
2014/4/16	44.47	33.0	58.0
2014/4/17	47.5	14.0	72.0
2014/4/18	52.0	50.0	54.0
2014/4/23	55.0	55.0	55.0
2014/4/29	128.5	60.0	226.0
2014/5/1	37.07	30.0	51.0
2014/5/2	38.92	25.0	87.0
2014/5/3	64.64	39.0	92.0
2014/5/4	106.0	81.0	121.0
2014/5/5	20.83	3.0	38.0
2014/5/6	48.79	24.0	81.0
2014/5/7	57.5	27.0	88.0
2014/5/8	66.79	25.0	133.0
2014/5/9	43.58	27.0	61.0
2014/5/10	33.5	11.0	75.0
2014/5/11	29.08	12.0	65.0
2014/5/12	77.92	35.0	138.0
2014/5/13	72.33	16.0	162.0
2014/5/14	24.5	17.0	36.0
2014/5/15	39.33	22.0	68.0
2014/5/16	44.25	9.0	82.0
2014/5/17	19.54	6.0	45.0
2014/5/18	34.0	9.0	60.0
2014/5/19	38.54	19.0	83.0
2014/5/20	46.71	8.0	103.0
2014/5/21	37.5	12.0	87.0
2014/5/22	25.46	9.0	51.0
2014/5/23	48.46	24.0	82.0
2014/5/24	38.04	13.0	70.0
2014/5/25	22.54	15.0	31.0
2014/5/26	32.79	5.0	67.0
2014/5/27	70.21	44.0	101.0
2014/5/28	37.82	15.0	59.0
2014/5/29	31.17	12.0	72.0
2014/5/30	25.21	9.0	64.0
2014/5/31	21.0	12.0	38.0
2014/6/1	14.29	10.0	18.0
2014/6/2	14.33	1.0	32.0
2014/6/3	22.54	4.0	57.0
2014/6/4	59.8	5.0	143.0
2014/6/5	22.71	11.0	35.0
2014/6/6	72.5	14.0	219.0
2014/6/7	150.88	49.0	224.0
2014/6/8	123.54	50.0	233.0
2014/6/9	96.71	47.0	207.0
2014/6/10	82.08	33.0	129.0
2014/6/11	203.96	93.0	526.0
2014/6/12	73.35	29.0	150.0
2014/6/13	87.71	51.0	154.0
2014/6/14	70.08	41.0	127.0
2014/6/15	104.17	50.0	282.0
2014/6/16	132.95	8.0	266.0
2014/6/17	58.25	3.0	341.0
2014/6/18	45.5	9.0	75.0
2014/6/19	46.58	20.0	86.0
2014/6/20	47.86	8.0	109.0
2014/6/21	68.74	9.0	223.0
2014/6/22	65.04	25.0	108.0
2014/6/23	45.73	14.0	92.0
2014/6/24	43.67	8.0	69.0
2014/6/25	64.38	27.0	123.0
2014/6/26	30.06	8.0	92.0
2014/6/27	16.67	7.0	37.0
2014/6/28	15.71	6.0	35.0
2014/6/29	16.29	2.0	34.0
2014/6/30	6.41	2.0	11.0
2014/7/1	11.74	1.0	26.0
2014/7/2	12.38	2.0	23.0
2014/7/3	13.67	4.0	30.0
2014/7/4	11.87	5.0	27.0
2014/7/5	9.52	1.0	21.0
2014/7/6	18.33	2.0	37.0
2014/7/7	52.83	27.0	110.0
2014/7/8	67.46	3.0	115.0
2014/7/9	54.79	18.0	90.0
2014/7/10	29.58	8.0	50.0
2014/7/11	11.25	2.0	36.0
2014/7/12	18.43	1.0	41.0
2014/7/13	11.52	3.0	21.0
2014/7/14	8.96	2.0	22.0
2014/7/15	9.05	1.0	26.0
2014/7/16	9.73	1.0	22.0
2014/7/17	16.67	6.0	32.0
2014/7/18	5.52	1.0	12.0
2014/7/19	9.61	1.0	18.0
2014/7/20	21.41	4.0	41.0
2014/7/21	41.46	12.0	71.0
2014/7/22	55.75	40.0	81.0
2014/7/23	52.42	36.0	67.0
2014/7/24	42.67	17.0	65.0
2014/7/25	33.04	9.0	67.0
2014/7/26	16.75	5.0	30.0
2014/7/27	8.17	1.0	16.0
2014/7/28	19.5	6.0	41.0
2014/7/29	31.32	2.0	79.0
2014/7/30	57.58	27.0	101.0
2014/7/31	49.29	30.0	69.0
2014/8/1	42.25	13.0	76.0
2014/8/2	43.25	8.0	95.0
2014/8/3	58.38	24.0	106.0
2014/8/4	34.04	19.0	53.0
2014/8/5	34.13	13.0	60.0
2014/8/6	28.83	14.0	70.0
2014/8/7	31.08	9.0	61.0
2014/8/8	27.71	10.0	67.0
2014/8/9	17.0	9.0	32.0
2014/8/10	19.46	9.0	32.0
2014/8/11	16.54	5.0	34.0
2014/8/12	16.21	1.0	29.0
2014/8/13	20.85	1.0	52.0
2014/8/14	18.58	11.0	42.0
2014/8/15	18.83	7.0	42.0
2014/8/16	24.42	10.0	49.0
2014/8/17	30.42	12.0	45.0
2014/8/18	21.83	8.0	40.0
2014/8/19	18.04	9.0	29.0
2014/8/20	19.25	6.0	41.0
2014/8/21	32.43	9.0	63.0
2014/8/22	32.48	15.0	65.0
2014/8/23	26.77	14.0	44.0
2014/8/24	17.08	6.0	32.0
2014/8/25	19.54	3.0	34.0
2014/8/26	26.79	5.0	64.0
2014/8/27	12.58	7.0	22.0
2014/8/28	9.5	3.0	19.0
2014/8/29	21.25	7.0	46.0
2014/8/30	27.33	17.0	45.0
2014/8/31	23.92	13.0	38.0
2014/9/1	18.33	7.0	39.0
2014/9/2	39.42	7.0	88.0
2014/9/3	22.88	8.0	48.0
2014/9/4	24.38	7.0	82.0
2014/9/5	56.33	31.0	83.0
2014/9/6	39.33	23.0	58.0
2014/9/7	34.79	5.0	84.0
2014/9/8	16.17	4.0	30.0
2014/9/9	26.58	8.0	44.0
2014/9/10	27.46	9.0	65.0
2014/9/11	29.71	10.0	66.0
2014/9/12	13.17	2.0	31.0
2014/9/13	22.42	10.0	38.0
2014/9/14	26.5	7.0	67.0
2014/9/15	31.04	6.0	61.0
2014/9/16	9.0	4.0	22.0
2014/9/17	21.04	10.0	37.0
2014/9/18	40.67	19.0	85.0
2014/9/19	73.0	24.0	200.0
2014/9/20	20.04	12.0	28.0
2014/9/21	29.21	17.0	44.0
2014/9/22	31.0	21.0	39.0
2014/9/23	37.63	27.0	54.0
2014/9/24	43.08	35.0	60.0
2014/9/25	53.35	19.0	107.0
2014/9/26	43.83	14.0	79.0
2014/9/27	17.75	10.0	27.0
2014/9/28	25.75	12.0	46.0
2014/9/29	36.25	2.0	90.0
2014/9/30	55.08	37.0	95.0
2014/10/1	44.25	33.0	50.0
2014/10/2	52.04	37.0	65.0
2014/10/3	31.63	17.0	52.0
2014/10/4	45.79	25.0	85.0
2014/10/5	42.5	23.0	77.0
2014/10/6	35.5	25.0	61.0
2014/10/7	48.67	37.0	69.0
2014/10/8	59.46	51.0	71.0
2014/10/9	45.21	30.0	62.0
2014/10/10	38.71	27.0	47.0
2014/10/11	38.67	29.0	52.0
2014/10/12	36.71	23.0	51.0
2014/10/13	44.21	33.0	64.0
2014/10/14	96.71	67.0	116.0
2014/10/15	83.63	64.0	102.0
2014/10/16	87.5	47.0	126.0
2014/10/17	81.58	53.0	128.0
2014/10/18	79.5	61.0	112.0
2014/10/19	64.71	46.0	91.0
2014/10/20	58.71	27.0	100.0
2014/10/21	54.21	39.0	74.0
2014/10/22	28.17	19.0	42.0
2014/10/23	31.92	25.0	44.0
2014/10/24	48.67	33.0	69.0
2014/10/28	52.06	36.0	59.0
2014/10/29	38.58	24.0	64.0
2014/10/30	35.33	22.0	46.0
2014/10/31	75.75	37.0	131.0
2014/11/1	85.42	68.0	127.0
2014/11/2	46.33	7.0	107.0
2014/11/3	50.0	37.0	76.0
2014/11/4	67.33	49.0	88.0
2014/11/5	74.63	45.0	111.0
2014/11/6	48.78	17.0	120.0
2014/11/7	40.67	26.0	61.0
2014/11/8	7.88	1.0	20.0
2014/11/9	32.13	17.0	113.0
2014/11/10	21.71	9.0	40.0
2014/11/11	23.21	14.0	36.0
2014/11/12	16.04	4.0	30.0
2014/11/13	53.55	20.0	79.0
2014/11/14	51.33	35.0	66.0
2014/11/15	55.08	40.0	84.0
2014/11/16	55.25	40.0	71.0
2014/11/17	53.5	42.0	63.0
2014/11/18	62.62	47.0	89.0
2014/11/19	70.67	58.0	94.0
2014/11/20	71.45	58.0	91.0
2014/11/21	78.54	48.0	117.0
2014/11/22	82.75	53.0	115.0
2014/11/23	53.33	19.0	84.0
2014/11/24	39.71	26.0	57.0
2014/11/25	51.75	20.0	80.0
2014/11/26	82.13	55.0	108.0
2014/11/27	63.58	47.0	85.0
2014/11/28	69.83	50.0	111.0
2014/11/29	55.29	17.0	91.0
2014/11/30	43.33	23.0	85.0
2014/12/1	16.75	1.0	41.0
2014/12/2	69.88	49.0	82.0
2014/12/3	66.08	11.0	94.0
2014/12/4	13.27	1.0	28.0
2014/12/5	26.5	22.0	36.0
2014/12/6	39.0	25.0	64.0
2014/12/7	51.79	30.0	63.0
2014/12/8	48.13	33.0	61.0
2014/12/9	60.92	44.0	95.0
2014/12/10	75.13	67.0	90.0
2014/12/11	67.92	38.0	86.0
2014/12/12	49.29	34.0	71.0
2014/12/13	53.29	32.0	79.0
2014/12/14	59.25	40.0	113.0
2014/12/15	86.83	57.0	108.0
2014/12/16	59.42	36.0	80.0
2014/12/17	35.25	16.0	84.0
2014/12/18	35.22	16.0	68.0
2014/12/19	73.46	48.0	157.0
2014/12/20	55.58	31.0	100.0
2014/12/21	54.21	38.0	93.0
2014/12/22	72.71	54.0	107.0
2014/12/23	71.33	50.0	100.0
2014/12/24	83.71	52.0	137.0
2014/12/25	125.04	85.0	172.0
2014/12/26	97.25	74.0	123.0
2014/12/27	69.46	28.0	127.0
2014/12/28	45.67	28.0	59.0
2014/12/29	75.25	57.0	120.0
2014/12/30	80.83	28.0	161.0
2014/12/31	85.88	33.0	157.0
2015/1/1	50.83	34.0	71.0
2015/1/2	60.92	35.0	150.0
2015/1/3	116.63	91.0	152.0
2015/1/4	76.29	58.0	100.0
2015/1/5	75.96	55.0	105.0
2015/1/6	104.71	56.0	187.0
2015/1/7	52.04	35.0	86.0
2015/1/8	51.67	41.0	71.0
2015/1/9	61.5	51.0	73.0
2015/1/10	61.08	47.0	81.0
2015/1/11	59.58	48.0	73.0
2015/1/12	31.46	12.0	72.0
2015/1/13	16.04	8.0	22.0
2015/1/14	24.0	17.0	38.0
2015/1/15	51.08	30.0	101.0
2015/1/16	59.92	34.0	133.0
2015/1/17	49.58	34.0	84.0
2015/1/18	77.38	66.0	93.0
2015/1/19	72.5	54.0	123.0
2015/1/20	153.54	117.0	205.0
2015/1/21	170.93	73.0	259.0
2015/1/22	69.38	42.0	117.0
2015/1/23	75.54	36.0	104.0
2015/1/24	87.92	55.0	163.0
2015/1/25	97.83	64.0	142.0
2015/1/26	100.79	80.0	131.0
2015/1/27	83.08	61.0	127.0
2015/1/28	61.46	45.0	89.0
2015/1/29	68.5	41.0	111.0
2015/1/30	42.0	31.0	74.0
2015/1/31	43.92	32.0	61.0
2015/2/1	49.42	36.0	65.0
2015/2/2	69.29	48.0	130.0
2015/2/3	102.08	74.0	141.0
2015/2/4	60.46	22.0	128.0
2015/2/5	53.48	25.0	95.0
2015/2/6	99.06	83.0	116.0
2015/2/7	111.5	90.0	128.0
2015/2/8	74.33	53.0	120.0
2015/2/9	78.88	54.0	99.0
2015/2/10	112.17	92.0	137.0
2015/2/11	136.88	105.0	192.0
2015/2/12	120.25	59.0	191.0
2015/2/13	76.96	53.0	108.0
2015/2/14	74.5	58.0	116.0
2015/2/15	107.58	83.0	126.0
2015/2/16	71.46	38.0	110.0
2015/2/17	53.29	37.0	96.0
2015/2/18	68.83	48.0	87.0
2015/2/19	72.46	39.0	130.0
2015/2/20	41.58	29.0	59.0
2015/2/21	43.04	31.0	53.0
2015/2/22	43.21	21.0	64.0
2015/2/23	26.39	15.0	36.0
2015/2/24	35.04	22.0	47.0
2015/2/25	28.96	13.0	41.0
2015/2/26	27.73	13.0	43.0
2015/2/27	21.71	13.0	40.0
2015/2/28	24.33	6.0	41.0
2015/3/1	13.63	1.0	25.0
2015/3/2	44.5	16.0	79.0
2015/3/3	48.08	6.0	105.0
2015/3/4	16.33	2.0	29.0
2015/3/5	23.5	11.0	43.0
2015/3/6	16.29	6.0	27.0
2015/3/7	39.5	15.0	83.0
2015/3/8	114.33	56.0	226.0
2015/3/9	92.25	34.0	166.0
2015/3/10	32.04	14.0	51.0
2015/3/11	26.58	10.0	48.0
2015/3/12	18.25	8.0	40.0
2015/3/13	45.63	31.0	65.0
2015/3/14	72.0	39.0	108.0
2015/3/15	53.38	20.0	102.0
2015/3/16	45.08	26.0	70.0
2015/3/17	31.5	14.0	67.0
2015/3/18	31.88	18.0	47.0
2015/3/19	36.38	24.0	74.0
2015/3/20	33.29	19.0	40.0
2015/3/21	54.0	36.0	75.0
2015/3/22	67.08	39.0	109.0
2015/3/23	39.46	10.0	72.0
2015/3/24	13.68	4.0	27.0
2015/3/25	32.33	18.0	53.0
2015/3/26	22.63	9.0	37.0
2015/3/27	33.0	9.0	81.0
2015/3/28	43.79	25.0	73.0
2015/3/29	60.88	31.0	80.0
2015/3/30	44.33	25.0	71.0
2015/3/31	24.75	14.0	39.0
2015/4/1	20.17	12.0	28.0
2015/4/2	16.92	10.0	25.0
2015/4/3	17.17	9.0	23.0
2015/4/4	11.5	6.0	19.0
2015/4/5	17.79	11.0	35.0
2015/4/6	31.17	6.0	59.0
2015/4/7	41.63	10.0	69.0
2015/4/8	11.88	4.0	18.0
2015/4/9	28.63	17.0	54.0
2015/4/10	16.79	10.0	30.0
2015/4/11	30.29	15.0	44.0
2015/4/12	43.79	29.0	80.0
2015/4/13	55.21	42.0	81.0
2015/4/14	35.54	18.0	95.0
2015/4/15	52.17	33.0	80.0
2015/4/16	67.75	43.0	83.0
2015/4/17	48.63	17.0	80.0
2015/4/18	32.63	23.0	43.0
2015/4/19	32.21	23.0	47.0
2015/4/20	22.08	7.0	38.0
2015/4/21	17.67	8.0	28.0
2015/4/22	29.58	18.0	43.0
2015/4/23	54.39	40.0	76.0
2015/4/24	58.33	38.0	80.0
2015/4/25	120.38	59.0	208.0
2015/4/26	80.5	60.0	116.0
2015/4/27	63.04	36.0	90.0
2015/4/28	40.17	30.0	49.0
2015/4/29	50.79	23.0	80.0
2015/4/30	48.79	19.0	68.0
2015/5/1	13.71	7.0	21.0
2015/5/2	13.63	6.0	26.0
2015/5/3	23.04	11.0	40.0
2015/5/4	26.79	6.0	43.0
2015/5/5	19.29	2.0	37.0
2015/5/6	19.21	1.0	36.0
2015/5/7	19.79	6.0	42.0
2015/5/8	16.5	8.0	29.0
2015/5/9	19.74	3.0	45.0
2015/5/10	31.21	16.0	56.0
2015/5/11	24.42	8.0	38.0
2015/5/12	20.0	8.0	48.0
2015/5/13	39.41	21.0	63.0
2015/5/14	21.92	10.0	65.0
2015/5/15	15.63	6.0	28.0
2015/5/16	23.42	5.0	53.0
2015/5/17	31.21	9.0	57.0
2015/5/18	21.5	7.0	37.0
2015/5/19	26.67	15.0	44.0
2015/5/20	22.83	6.0	42.0
2015/5/21	26.46	9.0	58.0
2015/5/22	46.83	27.0	72.0
2015/5/23	41.13	6.0	65.0
2015/5/24	70.29	25.0	132.0
2015/5/25	97.71	14.0	219.0
2015/5/26	37.71	14.0	74.0
2015/5/27	32.87	6.0	120.0
2015/5/28	22.5	12.0	33.0
2015/5/29	23.71	13.0	30.0
2015/5/30	23.42	11.0	35.0
2015/5/31	35.67	6.0	62.0
2015/6/1	27.04	4.0	46.0
2015/6/2	15.42	9.0	22.0
2015/6/3	15.54	11.0	22.0
2015/6/4	16.17	8.0	32.0
2015/6/5	18.96	6.0	38.0
2015/6/6	42.13	11.0	71.0
2015/6/7	12.13	7.0	28.0
2015/6/8	14.54	8.0	21.0
2015/6/9	16.0	10.0	23.0
2015/6/10	20.67	14.0	36.0
2015/6/11	18.42	6.0	29.0
2015/6/12	29.83	6.0	55.0
2015/6/13	26.13	6.0	52.0
2015/6/14	13.79	8.0	20.0
2015/6/15	12.75	3.0	20.0
2015/6/16	18.96	9.0	40.0
2015/6/17	14.88	11.0	22.0
2015/6/18	16.29	6.0	29.0
2015/6/19	12.79	3.0	27.0
2015/6/20	13.0	6.0	21.0
2015/6/21	13.08	5.0	25.0
2015/6/22	10.0	3.0	22.0
2015/6/23	10.08	6.0	21.0
2015/6/24	13.92	3.0	41.0
2015/6/25	21.88	13.0	30.0
2015/6/26	21.13	9.0	84.0
2015/6/27	16.33	11.0	21.0
2015/6/28	16.25	9.0	27.0
2015/6/29	17.63	6.0	40.0
2015/6/30	22.71	12.0	39.0
2015/7/1	19.54	9.0	38.0
2015/7/2	20.38	14.0	31.0
2015/7/3	23.79	14.0	38.0
2015/7/4	22.04	16.0	33.0
2015/7/5	28.04	14.0	63.0
2015/7/6	17.04	9.0	24.0
2015/7/7	17.96	13.0	23.0
2015/7/8	20.92	12.0	33.0
2015/7/9	18.13	5.0	24.0
2015/7/10	17.05	1.0	53.0
2015/7/11	30.25	22.0	54.0
2015/7/12	38.58	30.0	73.0
2015/7/13	69.0	33.0	87.0
2015/7/14	28.79	15.0	70.0
2015/7/15	20.83	12.0	41.0
2015/7/16	30.58	12.0	49.0
2015/7/17	39.42	14.0	62.0
2015/7/18	32.04	12.0	61.0
2015/7/19	32.63	21.0	44.0
2015/7/20	24.92	9.0	41.0
2015/7/21	12.04	6.0	40.0
2015/7/22	18.55	10.0	36.0
2015/7/23	15.46	3.0	23.0
2015/7/24	12.59	1.0	36.0
2015/7/25	16.79	7.0	27.0
2015/7/26	15.58	7.0	27.0
2015/7/27	14.38	5.0	21.0
2015/7/28	13.0	4.0	28.0
2015/7/29	14.18	6.0	23.0
2015/7/30	15.96	7.0	42.0
2015/7/31	13.29	2.0	31.0
2015/8/1	15.17	6.0	25.0
2015/8/2	10.13	1.0	19.0
2015/8/3	22.63	12.0	40.0
2015/8/4	26.13	8.0	47.0
2015/8/5	40.0	14.0	73.0
2015/8/6	34.83	11.0	71.0
2015/8/7	35.29	14.0	70.0
2015/8/8	37.67	24.0	50.0
2015/8/9	32.42	18.0	45.0
2015/8/10	30.88	14.0	67.0
2015/8/11	39.13	12.0	59.0
2015/8/12	33.79	16.0	63.0
2015/8/13	18.96	5.0	47.0
2015/8/14	21.67	3.0	58.0
2015/8/15	30.18	5.0	73.0
2015/8/16	38.38	16.0	60.0
2015/8/17	24.0	7.0	42.0
2015/8/18	21.0	11.0	30.0
2015/8/19	25.5	13.0	44.0
2015/8/20	39.92	10.0	85.0
2015/8/21	27.29	18.0	40.0
2015/8/22	31.46	21.0	46.0
2015/8/23	36.67	30.0	49.0
2015/8/24	40.71	31.0	50.0
2015/8/25	39.83	28.0	71.0
2015/8/26	56.0	34.0	77.0
2015/8/27	45.04	30.0	63.0
2015/8/28	37.08	14.0	60.0
2015/8/29	44.24	18.0	66.0
2015/8/30	26.42	5.0	43.0
2015/8/31	27.83	15.0	47.0
2015/9/1	28.17	8.0	52.0
2015/9/2	18.08	6.0	35.0
2015/9/3	30.75	14.0	57.0
2015/9/4	26.75	14.0	47.0
2015/9/5	21.79	15.0	28.0
2015/9/6	23.0	10.0	48.0
2015/9/7	24.83	8.0	39.0
2015/9/8	38.76	22.0	56.0
2015/9/9	58.75	32.0	110.0
2015/9/10	50.88	24.0	109.0
2015/9/11	49.92	26.0	90.0
2015/9/12	49.04	35.0	63.0
2015/9/13	51.79	41.0	65.0
2015/9/14	40.17	32.0	55.0
2015/9/15	33.54	25.0	39.0
2015/9/16	41.17	25.0	88.0
2015/9/17	46.08	26.0	76.0
2015/9/18	49.29	30.0	71.0
2015/9/19	42.33	27.0	57.0
2015/9/20	24.79	9.0	37.0
2015/9/21	25.96	6.0	55.0
2015/9/22	38.57	16.0	67.0
2015/9/23	32.54	20.0	46.0
2015/9/24	26.88	13.0	44.0
2015/9/25	38.5	20.0	72.0
2015/9/26	33.13	22.0	58.0
2015/9/27	29.54	20.0	38.0
2015/9/28	42.75	30.0	54.0
2015/9/29	45.54	31.0	56.0
2015/9/30	66.47	44.0	86.0
2015/10/1	56.5	12.0	92.0
2015/10/2	29.58	12.0	38.0
2015/10/3	27.38	15.0	38.0
2015/10/4	11.13	6.0	20.0
2015/10/5	12.67	3.0	23.0
2015/10/6	33.38	16.0	71.0
2015/10/7	20.25	8.0	42.0
2015/10/8	27.38	11.0	83.0
2015/10/9	23.83	15.0	34.0
2015/10/10	18.83	11.0	29.0
2015/10/11	12.42	4.0	23.0
2015/10/12	39.13	25.0	59.0
2015/10/13	46.88	29.0	106.0
2015/10/14	97.38	59.0	146.0
2015/10/15	88.63	46.0	132.0
2015/10/16	70.33	33.0	185.0
2015/10/17	42.25	31.0	63.0
2015/10/18	48.38	40.0	59.0
2015/10/19	55.63	41.0	64.0
2015/10/20	45.04	35.0	64.0
2015/10/21	42.0	29.0	52.0
2015/10/22	43.38	30.0	58.0
2015/10/23	44.96	27.0	66.0
2015/10/24	53.08	34.0	81.0
2015/10/25	46.96	28.0	64.0
2015/10/26	43.08	26.0	58.0
2015/10/27	46.38	28.0	89.0
2015/10/28	63.46	30.0	125.0
2015/10/29	47.15	40.0	55.0
2015/10/30	49.79	25.0	67.0
2015/10/31	22.13	14.0	32.0
2015/11/1	9.54	5.0	15.0
2015/11/2	28.83	14.0	40.0
2015/11/3	40.04	27.0	63.0
2015/11/4	47.83	34.0	71.0
2015/11/5	59.92	32.0	100.0
2015/11/6	38.33	29.0	51.0
2015/11/7	43.88	19.0	65.0
2015/11/8	32.96	21.0	47.0
2015/11/9	25.63	12.0	50.0
2015/11/10	24.96	12.0	39.0
2015/11/11	54.63	37.0	80.0
2015/11/12	58.21	40.0	78.0
2015/11/13	14.46	4.0	39.0
2015/11/14	22.79	7.0	47.0
2015/11/15	40.08	25.0	59.0
2015/11/16	23.83	9.0	39.0
2015/11/17	28.0	14.0	49.0
2015/11/18	50.5	22.0	94.0
2015/11/19	61.42	41.0	115.0
2015/11/20	63.83	47.0	111.0
2015/11/21	53.58	42.0	79.0
2015/11/22	33.04	24.0	49.0
2015/11/23	22.92	13.0	34.0
2015/11/24	37.58	14.0	73.0
2015/11/25	26.64	15.0	57.0
2015/11/29	60.0	50.0	67.0
2015/11/30	38.88	24.0	53.0
2015/12/1	50.86	29.0	86.0
2015/12/2	46.13	3.0	73.0
2015/12/3	15.17	4.0	25.0
2015/12/4	20.17	8.0	46.0
2015/12/5	22.46	4.0	44.0
2015/12/6	7.63	2.0	13.0
2015/12/7	15.83	10.0	23.0
2015/12/8	22.67	7.0	49.0
2015/12/9	17.63	6.0	36.0
2015/12/10	16.17	5.0	27.0
2015/12/11	19.67	9.0	26.0
2015/12/12	23.54	18.0	31.0
2015/12/14	15.79	9.0	21.0
2015/12/15	27.38	14.0	52.0
2015/12/16	51.79	17.0	66.0
2015/12/17	22.29	16.0	34.0
2015/12/18	31.58	20.0	56.0
2015/12/19	46.35	27.0	77.0
2015/12/20	64.29	46.0	102.0
2015/12/21	78.58	48.0	101.0
2015/12/22	110.21	69.0	185.0
2015/12/23	108.67	35.0	174.0
2015/12/24	44.65	13.0	76.0
2015/12/25	18.75	13.0	26.0
2015/12/26	23.42	15.0	36.0
2015/12/27	16.13	4.0	29.0
2015/12/28	25.71	16.0	36.0
2015/12/29	44.58	28.0	59.0
2015/12/30	40.96	24.0	51.0
2015/12/31	51.5	44.0	63.0
