2013/1/1	78.08	48.0	136.0
2013/1/2	58.54	17.0	112.0
2013/1/3	45.88	20.0	63.0
2013/1/4	49.25	37.0	68.0
2013/1/5	52.88	37.0	76.0
2013/1/6	85.13	44.0	118.0
2013/1/7	147.0	99.0	244.0
2013/1/8	122.88	57.0	251.0
2013/1/9	107.04	61.0	154.0
2013/1/10	58.08	40.0	95.0
2013/1/11	47.42	29.0	72.0
2013/1/12	165.38	69.0	238.0
2013/1/13	63.13	29.0	176.0
2013/1/14	135.67	86.0	167.0
2013/1/15	107.17	76.0	228.0
2013/1/16	203.88	69.0	263.0
2013/1/17	65.68	35.0	98.0
2013/1/18	109.67	79.0	138.0
2013/1/19	85.17	31.0	144.0
2013/1/20	39.42	19.0	62.0
2013/1/21	115.63	48.0	338.0
2013/1/22	121.96	100.0	152.0
2013/1/23	160.58	130.0	189.0
2013/1/24	208.42	170.0	302.0
2013/1/25	177.08	119.0	238.0
2013/1/26	142.46	71.0	217.0
2013/1/27	40.71	29.0	62.0
2013/1/28	48.42	31.0	73.0
2013/1/29	94.08	27.0	198.0
2013/1/30	171.0	38.0	232.0
2013/1/31	37.7	18.0	62.0
2013/2/1	82.71	41.0	133.0
2013/2/2	59.21	15.0	134.0
2013/2/3	23.13	13.0	40.0
2013/2/4	62.5	24.0	118.0
2013/2/5	40.63	32.0	49.0
2013/2/6	63.92	41.0	103.0
2013/2/7	64.88	16.0	128.0
2013/2/8	27.88	16.0	44.0
2013/2/9	50.13	24.0	185.0
2013/2/10	165.46	51.0	574.0
2013/2/11	57.67	31.0	75.0
2013/2/12	46.75	24.0	90.0
2013/2/13	97.08	74.0	226.0
2013/2/14	94.46	23.0	651.0
2013/2/15	71.5	21.0	178.0
2013/2/16	49.29	24.0	137.0
2013/2/17	45.46	17.0	113.0
2013/2/18	47.96	14.0	126.0
2013/2/19	20.83	8.0	40.0
2013/2/20	54.75	42.0	71.0
2013/2/21	65.04	52.0	78.0
2013/2/22	84.71	45.0	119.0
2013/2/23	156.42	119.0	204.0
2013/2/24	93.08	18.0	210.0
2013/2/25	31.32	18.0	50.0
2013/2/26	45.75	23.0	72.0
2013/2/27	41.04	14.0	55.0
2013/2/28	55.71	39.0	76.0
2013/3/1	55.88	21.0	135.0
2013/3/2	25.71	14.0	38.0
2013/3/3	62.21	21.0	101.0
2013/3/4	118.17	76.0	184.0
2013/3/5	143.54	107.0	168.0
2013/3/6	79.0	57.0	113.0
2013/3/7	143.0	68.0	236.0
2013/3/8	144.38	68.0	237.0
2013/3/9	113.83	90.0	134.0
2013/3/10	50.21	20.0	175.0
2013/3/11	26.33	12.0	36.0
2013/3/12	45.21	25.0	66.0
2013/3/13	53.0	21.0	143.0
2013/3/14	32.33	16.0	47.0
2013/3/15	38.38	28.0	54.0
2013/3/16	49.71	35.0	69.0
2013/3/17	57.04	28.0	135.0
2013/3/18	70.08	37.0	147.0
2013/3/19	86.88	44.0	146.0
2013/3/20	65.75	33.0	163.0
2013/3/21	27.63	16.0	40.0
2013/3/22	74.92	25.0	139.0
2013/3/23	65.04	52.0	82.0
2013/3/24	72.46	58.0	86.0
2013/3/25	40.0	18.0	69.0
2013/3/26	21.21	13.0	37.0
2013/3/27	58.54	30.0	107.0
2013/3/28	78.21	48.0	103.0
2013/3/29	47.75	28.0	92.0
2013/3/30	27.63	16.0	43.0
2013/3/31	40.0	29.0	53.0
2013/4/1	55.0	42.0	82.0
2013/4/2	69.17	38.0	108.0
2013/4/3	40.96	19.0	64.0
2013/4/4	35.79	26.0	52.0
2013/4/5	27.63	16.0	35.0
2013/4/6	43.58	16.0	74.0
2013/4/7	66.08	49.0	101.0
2013/4/8	72.54	62.0	86.0
2013/4/9	56.75	36.0	108.0
2013/4/10	50.13	31.0	61.0
2013/4/11	77.54	46.0	104.0
2013/4/12	91.71	66.0	131.0
2013/4/13	82.71	37.0	120.0
2013/4/14	59.46	22.0	102.0
2013/4/15	86.79	31.0	143.0
2013/4/16	52.58	32.0	83.0
2013/4/17	96.21	67.0	130.0
2013/4/18	75.92	43.0	141.0
2013/4/19	28.88	21.0	38.0
2013/4/20	29.5	13.0	44.0
2013/4/21	60.13	47.0	77.0
2013/4/22	48.86	31.0	69.0
2013/4/23	86.21	39.0	130.0
2013/4/24	98.21	63.0	141.0
2013/4/25	97.04	53.0	164.0
2013/4/26	53.08	41.0	72.0
2013/4/27	43.92	26.0	63.0
2013/4/28	38.83	31.0	50.0
2013/4/29	86.22	52.0	153.0
2013/4/30	37.15	13.0	74.0
2013/5/1	35.71	19.0	69.0
2013/5/2	39.71	30.0	56.0
2013/5/3	41.88	24.0	57.0
2013/5/4	42.96	35.0	54.0
2013/5/5	49.75	38.0	65.0
2013/5/6	51.58	33.0	75.0
2013/5/7	51.0	37.0	63.0
2013/5/8	37.17	24.0	50.0
2013/5/9	48.08	26.0	84.0
2013/5/10	118.13	51.0	176.0
2013/5/11	126.54	61.0	195.0
2013/5/12	96.55	42.0	159.0
2013/5/13	55.88	32.0	78.0
2013/5/14	37.75	19.0	72.0
2013/5/15	22.88	5.0	39.0
2013/5/16	18.32	6.0	41.0
2013/5/17	30.0	9.0	52.0
2013/5/18	44.46	17.0	85.0
2013/5/19	89.71	57.0	112.0
2013/5/20	102.04	71.0	139.0
2013/5/21	81.88	35.0	116.0
2013/5/22	46.33	17.0	91.0
2013/5/23	35.5	11.0	70.0
2013/5/24	46.38	19.0	83.0
2013/5/25	27.54	8.0	45.0
2013/5/26	34.54	16.0	59.0
2013/5/27	24.0	7.0	45.0
2013/5/28	52.08	28.0	133.0
2013/5/29	88.46	64.0	120.0
2013/5/30	34.92	15.0	78.0
2013/5/31	38.45	17.0	86.0
2013/6/1	81.13	37.0	145.0
2013/6/2	38.71	18.0	77.0
2013/6/3	54.71	28.0	83.0
2013/6/4	28.79	14.0	44.0
2013/6/5	18.38	8.0	32.0
2013/6/6	14.29	4.0	26.0
2013/6/7	10.55	2.0	23.0
2013/6/8	25.67	12.0	45.0
2013/6/9	40.13	7.0	63.0
2013/6/10	28.13	9.0	52.0
2013/6/11	116.13	52.0	221.0
2013/6/12	110.17	47.0	186.0
2013/6/13	59.79	28.0	76.0
2013/6/14	28.92	15.0	48.0
2013/6/15	21.5	13.0	31.0
2013/6/16	45.67	9.0	83.0
2013/6/17	56.54	29.0	94.0
2013/6/18	57.25	35.0	80.0
2013/6/19	79.79	42.0	129.0
2013/6/20	57.83	34.0	76.0
2013/6/21	40.33	18.0	60.0
2013/6/22	48.29	37.0	66.0
2013/6/23	57.42	12.0	121.0
2013/6/24	52.92	19.0	112.0
2013/6/25	35.17	11.0	62.0
2013/6/26	21.27	3.0	38.0
2013/6/27	11.67	3.0	23.0
2013/6/28	13.42	4.0	33.0
2013/6/29	23.45	8.0	44.0
2013/6/30	54.08	27.0	85.0
2013/7/1	76.67	44.0	107.0
2013/7/2	42.0	28.0	59.0
2013/7/3	32.04	21.0	50.0
2013/7/4	33.61	24.0	40.0
2013/7/5	25.58	7.0	47.0
2013/7/6	32.08	8.0	65.0
2013/7/7	35.58	20.0	54.0
2013/7/8	33.96	15.0	57.0
2013/7/9	33.67	17.0	58.0
2013/7/10	33.54	19.0	58.0
2013/7/11	32.67	5.0	69.0
2013/7/12	14.29	5.0	32.0
2013/7/13	8.48	1.0	23.0
2013/7/14	10.26	2.0	27.0
2013/7/15	14.26	2.0	28.0
2013/7/16	16.96	6.0	31.0
2013/7/17	19.71	7.0	38.0
2013/7/18	10.13	2.0	23.0
2013/7/19	13.39	1.0	27.0
2013/7/20	28.68	3.0	52.0
2013/7/21	31.38	19.0	53.0
2013/7/22	22.77	6.0	38.0
2013/7/23	27.92	13.0	54.0
2013/7/24	35.13	22.0	55.0
2013/7/25	49.13	33.0	88.0
2013/7/26	59.77	33.0	87.0
2013/7/27	75.09	36.0	117.0
2013/7/28	39.67	21.0	72.0
2013/7/29	39.67	19.0	65.0
2013/7/30	36.0	20.0	58.0
2013/7/31	37.58	14.0	70.0
2013/8/1	28.91	9.0	43.0
2013/8/2	15.17	2.0	29.0
2013/8/3	18.09	3.0	33.0
2013/8/4	23.18	10.0	35.0
2013/8/5	37.33	6.0	68.0
2013/8/6	43.17	29.0	65.0
2013/8/7	62.29	35.0	92.0
2013/8/8	54.21	33.0	77.0
2013/8/9	67.0	53.0	92.0
2013/8/10	45.42	30.0	68.0
2013/8/11	47.17	10.0	94.0
2013/8/12	13.92	3.0	28.0
2013/8/13	10.13	1.0	22.0
2013/8/14	8.17	1.0	16.0
2013/8/15	12.05	3.0	24.0
2013/8/16	10.25	4.0	19.0
2013/8/17	17.42	1.0	43.0
2013/8/18	17.77	8.0	41.0
2013/8/19	5.94	2.0	9.0
2013/8/20	9.95	1.0	20.0
2013/8/21	11.33	2.0	24.0
2013/8/22	11.17	4.0	20.0
2013/8/23	13.21	4.0	22.0
2013/8/24	25.63	6.0	45.0
2013/8/25	34.46	1.0	68.0
2013/8/26	27.08	11.0	38.0
2013/8/27	25.43	10.0	35.0
2013/8/28	24.58	6.0	47.0
2013/8/29	27.22	4.0	58.0
2013/8/30	55.5	8.0	90.0
2013/8/31	19.12	11.0	28.0
2013/9/3	37.6	12.0	56.0
2013/9/4	16.79	10.0	28.0
2013/9/5	25.54	12.0	51.0
2013/9/6	25.04	17.0	34.0
2013/9/7	41.75	20.0	55.0
2013/9/8	19.67	9.0	40.0
2013/9/9	34.13	8.0	50.0
2013/9/10	42.42	18.0	74.0
2013/9/11	37.33	19.0	51.0
2013/9/12	20.5	11.0	27.0
2013/9/13	34.92	4.0	91.0
2013/9/14	33.92	8.0	68.0
2013/9/15	34.71	18.0	52.0
2013/9/16	36.08	9.0	69.0
2013/9/17	14.88	6.0	24.0
2013/9/18	16.13	8.0	31.0
2013/9/19	19.58	11.0	26.0
2013/9/20	18.75	7.0	26.0
2013/9/21	19.25	9.0	28.0
2013/9/22	19.67	10.0	27.0
2013/9/23	10.21	3.0	17.0
2013/9/24	26.09	12.0	43.0
2013/9/25	12.25	4.0	24.0
2013/9/26	24.58	13.0	55.0
2013/9/27	20.21	12.0	30.0
2013/9/28	46.83	13.0	91.0
2013/9/29	69.17	20.0	110.0
2013/9/30	25.21	16.0	42.0
2013/10/1	34.08	26.0	44.0
2013/10/2	53.08	9.0	133.0
2013/10/3	12.83	7.0	21.0
2013/10/4	18.08	7.0	28.0
2013/10/5	29.29	17.0	42.0
2013/10/6	19.13	8.0	29.0
2013/10/7	11.63	5.0	20.0
2013/10/8	10.63	3.0	31.0
2013/10/9	37.88	22.0	50.0
2013/10/10	49.46	33.0	100.0
2013/10/11	89.83	21.0	145.0
2013/10/12	24.83	15.0	39.0
2013/10/13	24.75	16.0	33.0
2013/10/14	28.21	15.0	41.0
2013/10/15	24.17	16.0	34.0
2013/10/16	26.96	14.0	34.0
2013/10/17	25.67	12.0	40.0
2013/10/18	22.04	9.0	30.0
2013/10/19	26.29	17.0	37.0
2013/10/20	49.58	19.0	129.0
2013/10/21	56.0	42.0	89.0
2013/10/22	56.29	37.0	118.0
2013/10/23	42.71	29.0	58.0
2013/10/24	53.52	31.0	119.0
2013/10/25	40.29	27.0	59.0
2013/10/26	51.63	33.0	85.0
2013/10/27	39.58	27.0	59.0
2013/10/28	37.0	28.0	52.0
2013/10/29	42.5	26.0	59.0
2013/10/30	44.7	32.0	69.0
2013/10/31	39.88	21.0	65.0
2013/11/1	37.42	22.0	61.0
2013/11/2	52.88	38.0	80.0
2013/11/3	83.58	54.0	133.0
2013/11/4	53.25	24.0	147.0
2013/11/5	46.67	30.0	78.0
2013/11/6	115.13	55.0	208.0
2013/11/7	175.33	115.0	221.0
2013/11/8	102.5	40.0	189.0
2013/11/9	72.21	38.0	149.0
2013/11/10	44.25	16.0	152.0
2013/11/11	48.17	24.0	92.0
2013/11/12	29.46	17.0	45.0
2013/11/13	29.08	20.0	43.0
2013/11/14	79.88	25.0	178.0
2013/11/15	165.63	114.0	208.0
2013/11/16	121.92	84.0	168.0
2013/11/17	78.79	35.0	120.0
2013/11/18	62.33	32.0	110.0
2013/11/19	93.29	49.0	134.0
2013/11/20	130.29	97.0	183.0
2013/11/21	101.86	74.0	154.0
2013/11/22	67.79	38.0	97.0
2013/11/23	64.54	48.0	87.0
2013/11/24	58.29	35.0	133.0
2013/11/25	78.42	59.0	102.0
2013/11/26	96.5	69.0	138.0
2013/11/27	77.17	53.0	121.0
2013/11/28	54.88	20.0	91.0
2013/11/29	62.42	45.0	84.0
2013/11/30	91.58	58.0	126.0
2013/12/1	196.17	138.0	258.0
2013/12/2	214.63	138.0	268.0
2013/12/3	132.5	74.0	163.0
2013/12/4	117.0	73.0	169.0
2013/12/5	247.54	161.0	445.0
2013/12/6	382.88	94.0	514.0
2013/12/7	165.0	94.0	355.0
2013/12/8	120.33	90.0	173.0
2013/12/9	180.54	86.0	412.0
2013/12/10	76.58	47.0	131.0
2013/12/11	101.04	53.0	142.0
2013/12/12	91.5	59.0	154.0
2013/12/13	96.63	31.0	229.0
2013/12/14	52.08	34.0	73.0
2013/12/15	88.67	44.0	125.0
2013/12/16	28.96	15.0	72.0
2013/12/17	20.5	11.0	33.0
2013/12/18	53.25	17.0	112.0
2013/12/19	102.26	55.0	189.0
2013/12/20	187.58	91.0	216.0
2013/12/21	62.96	35.0	85.0
2013/12/22	59.67	37.0	83.0
2013/12/23	61.17	38.0	106.0
2013/12/24	132.21	103.0	174.0
2013/12/25	103.88	86.0	154.0
2013/12/26	207.96	46.0	359.0
2013/12/27	60.29	41.0	94.0
2013/12/28	98.88	65.0	133.0
2013/12/29	132.88	89.0	179.0
2013/12/30	114.79	74.0	166.0
2013/12/31	96.46	59.0	128.0
2014/1/1	126.71	71.0	173.0
2014/1/2	92.7	33.0	182.0
2014/1/3	129.92	68.0	225.0
2014/1/4	99.75	21.0	251.0
2014/1/5	50.33	23.0	122.0
2014/1/6	27.54	17.0	43.0
2014/1/7	46.21	35.0	75.0
2014/1/8	38.92	19.0	97.0
2014/1/9	34.29	22.0	45.0
2014/1/10	45.58	24.0	66.0
2014/1/11	45.46	38.0	57.0
2014/1/12	85.42	35.0	194.0
2014/1/13	39.42	17.0	188.0
2014/1/14	24.5	17.0	35.0
2014/1/15	34.42	23.0	73.0
2014/1/16	69.58	47.0	97.0
2014/1/17	94.08	59.0	189.0
2014/1/18	151.08	76.0	203.0
2014/1/19	108.13	69.0	147.0
2014/1/20	166.71	51.0	247.0
2014/1/21	45.71	23.0	74.0
2014/1/22	51.71	36.0	76.0
2014/1/23	40.09	27.0	58.0
2014/1/24	32.83	22.0	42.0
2014/1/25	95.58	23.0	243.0
2014/1/26	29.46	16.0	89.0
2014/1/27	21.21	13.0	27.0
2014/1/28	53.96	18.0	101.0
2014/1/29	61.54	39.0	120.0
2014/1/30	182.67	116.0	406.0
2014/1/31	125.54	61.0	356.0
2014/2/1	61.71	33.0	120.0
2014/2/2	177.0	78.0	268.0
2014/2/3	50.75	22.0	100.0
2014/2/4	25.5	16.0	139.0
2014/2/5	18.92	13.0	25.0
2014/2/6	14.25	10.0	19.0
2014/2/7	17.46	10.0	25.0
2014/2/8	45.46	17.0	73.0
2014/2/9	48.08	25.0	76.0
2014/2/10	33.04	23.0	42.0
2014/2/11	39.38	21.0	56.0
2014/2/12	31.0	22.0	51.0
2014/2/13	27.96	18.0	49.0
2014/2/14	40.88	26.0	52.0
2014/2/15	27.33	17.0	49.0
2014/2/16	23.25	11.0	32.0
2014/2/17	33.13	16.0	60.0
2014/2/18	25.58	16.0	40.0
2014/2/19	68.23	19.0	141.0
2014/2/20	117.13	35.0	151.0
2014/2/21	85.13	39.0	111.0
2014/2/22	54.58	41.0	87.0
2014/2/23	82.38	65.0	106.0
2014/2/24	75.33	39.0	101.0
2014/2/25	21.92	12.0	42.0
2014/2/26	53.75	17.0	113.0
2014/2/27	87.04	42.0	123.0
2014/2/28	78.96	30.0	122.0
2014/3/1	29.92	15.0	43.0
2014/3/2	52.79	26.0	81.0
2014/3/3	33.58	21.0	60.0
2014/3/4	26.09	18.0	39.0
2014/3/5	39.92	18.0	93.0
2014/3/6	23.08	17.0	31.0
2014/3/7	27.13	13.0	61.0
2014/3/8	43.17	20.0	79.0
2014/3/9	72.5	41.0	104.0
2014/3/10	128.54	88.0	150.0
2014/3/11	46.25	29.0	65.0
2014/3/12	32.13	20.0	61.0
2014/3/13	37.3	27.0	57.0
2014/3/14	70.96	56.0	98.0
2014/3/15	71.75	39.0	104.0
2014/3/16	59.96	39.0	84.0
2014/3/17	74.71	49.0	135.0
2014/3/18	114.88	86.0	164.0
2014/3/19	68.71	41.0	90.0
2014/3/20	62.33	28.0	106.0
2014/3/21	28.83	18.0	39.0
2014/3/22	42.54	29.0	57.0
2014/3/23	31.92	20.0	41.0
2014/3/24	36.13	23.0	48.0
2014/3/25	60.17	37.0	106.0
2014/3/26	78.42	50.0	100.0
2014/3/27	40.29	23.0	56.0
2014/3/28	40.04	21.0	67.0
2014/3/29	67.75	35.0	98.0
2014/3/30	91.29	72.0	129.0
2014/3/31	53.13	39.0	67.0
2014/4/1	46.92	29.0	66.0
2014/4/2	45.63	29.0	58.0
2014/4/3	46.92	22.0	77.0
2014/4/4	48.08	18.0	74.0
2014/4/5	52.58	20.0	127.0
2014/4/6	20.92	14.0	28.0
2014/4/7	38.04	18.0	55.0
2014/4/8	63.38	39.0	95.0
2014/4/9	63.46	51.0	84.0
2014/4/10	55.54	39.0	75.0
2014/4/11	48.67	39.0	55.0
2014/4/12	54.92	21.0	129.0
2014/4/13	43.92	15.0	78.0
2014/4/14	63.08	43.0	80.0
2014/4/15	43.38	27.0	69.0
2014/4/16	45.0	28.0	96.0
2014/4/17	129.42	76.0	201.0
2014/4/18	59.58	23.0	142.0
2014/4/19	26.04	14.0	40.0
2014/4/20	38.79	26.0	54.0
2014/4/21	45.79	31.0	60.0
2014/4/22	55.04	28.0	108.0
2014/4/23	62.54	27.0	98.0
2014/4/24	49.38	29.0	76.0
2014/4/25	29.42	22.0	34.0
2014/4/26	20.21	10.0	27.0
2014/4/27	61.25	14.0	96.0
2014/4/28	52.52	28.0	89.0
2014/4/29	73.88	35.0	106.0
2014/4/30	65.5	41.0	87.0
2014/5/1	89.08	59.0	109.0
2014/5/2	76.0	51.0	99.0
2014/5/3	36.29	22.0	54.0
2014/5/4	49.17	24.0	80.0
2014/5/5	34.0	28.0	45.0
2014/5/6	37.96	24.0	51.0
2014/5/7	44.67	31.0	65.0
2014/5/8	68.75	42.0	135.0
2014/5/9	48.79	40.0	61.0
2014/5/10	41.67	19.0	57.0
2014/5/11	36.05	15.0	82.0
2014/5/12	63.8	52.0	81.0
2014/5/13	58.04	34.0	82.0
2014/5/14	72.79	30.0	143.0
2014/5/15	59.38	42.0	92.0
2014/5/16	55.88	34.0	92.0
2014/5/17	57.0	21.0	101.0
2014/5/18	34.04	23.0	45.0
2014/5/19	47.88	26.0	72.0
2014/5/20	69.5	31.0	111.0
2014/5/21	97.79	43.0	147.0
2014/5/22	62.79	23.0	114.0
2014/5/23	27.79	20.0	38.0
2014/5/24	27.13	17.0	34.0
2014/5/25	76.33	19.0	176.0
2014/5/26	104.04	73.0	148.0
2014/5/27	129.82	51.0	218.0
2014/5/28	88.5	24.0	198.0
2014/5/29	82.83	25.0	141.0
2014/5/30	73.71	42.0	117.0
2014/5/31	45.54	36.0	52.0
2014/6/1	25.79	10.0	41.0
2014/6/2	43.25	15.0	68.0
2014/6/3	48.5	21.0	65.0
2014/6/4	63.0	41.0	86.0
2014/6/5	42.83	30.0	56.0
2014/6/6	46.42	34.0	63.0
2014/6/7	52.25	38.0	78.0
2014/6/8	40.63	25.0	54.0
2014/6/9	31.04	20.0	47.0
2014/6/10	27.83	18.0	37.0
2014/6/11	28.04	21.0	41.0
2014/6/12	51.63	28.0	67.0
2014/6/13	79.08	61.0	100.0
2014/6/14	86.08	62.0	109.0
2014/6/15	46.58	25.0	72.0
2014/6/16	23.42	12.0	42.0
2014/6/17	42.58	22.0	60.0
2014/6/18	27.63	11.0	51.0
2014/6/19	36.42	23.0	50.0
2014/6/20	31.88	12.0	59.0
2014/6/21	29.13	11.0	73.0
2014/6/22	22.13	10.0	34.0
2014/6/23	32.88	21.0	48.0
2014/6/24	40.87	19.0	52.0
2014/6/25	20.83	8.0	32.0
2014/6/26	16.46	5.0	39.0
2014/6/27	18.63	5.0	35.0
2014/6/28	72.46	30.0	123.0
2014/6/29	81.29	56.0	112.0
2014/6/30	54.25	29.0	80.0
2014/7/1	36.29	12.0	66.0
2014/7/2	47.25	23.0	90.0
2014/7/3	65.38	14.0	106.0
2014/7/4	41.79	16.0	93.0
2014/7/5	28.42	19.0	40.0
2014/7/6	48.63	29.0	70.0
2014/7/7	36.33	7.0	72.0
2014/7/8	20.83	5.0	36.0
2014/7/9	20.3	11.0	33.0
2014/7/10	79.38	16.0	159.0
2014/7/11	88.92	18.0	136.0
2014/7/12	55.54	5.0	95.0
2014/7/13	39.92	6.0	72.0
2014/7/14	55.0	9.0	81.0
2014/7/15	31.04	8.0	63.0
2014/7/16	43.33	19.0	64.0
2014/7/17	15.21	3.0	28.0
2014/7/18	12.87	1.0	25.0
2014/7/19	17.27	2.0	40.0
2014/7/20	18.42	8.0	31.0
2014/7/21	14.5	3.0	24.0
2014/7/22	12.04	4.0	26.0
2014/7/23	11.71	1.0	25.0
2014/7/24	17.38	11.0	22.0
2014/7/25	32.29	3.0	90.0
2014/7/26	72.83	57.0	93.0
2014/7/27	39.68	1.0	63.0
2014/7/28	40.26	4.0	80.0
2014/7/29	29.25	9.0	49.0
2014/7/30	13.13	2.0	34.0
2014/7/31	7.83	3.0	16.0
2014/8/1	11.27	2.0	19.0
2014/8/2	14.56	2.0	42.0
2014/8/3	48.0	33.0	66.0
2014/8/4	58.5	42.0	81.0
2014/8/5	28.92	4.0	47.0
2014/8/6	20.22	1.0	47.0
2014/8/7	15.95	2.0	44.0
2014/8/8	16.13	6.0	27.0
2014/8/9	19.61	10.0	34.0
2014/8/10	48.33	25.0	74.0
2014/8/11	25.79	9.0	49.0
2014/8/12	30.17	3.0	77.0
2014/8/13	33.04	15.0	64.0
2014/8/14	18.64	1.0	60.0
2014/8/15	26.08	14.0	50.0
2014/8/16	31.0	17.0	50.0
2014/8/17	15.52	1.0	28.0
2014/8/18	29.67	3.0	78.0
2014/8/19	11.78	3.0	25.0
2014/8/20	15.04	4.0	36.0
2014/8/21	46.5	15.0	78.0
2014/8/22	29.73	16.0	45.0
2014/8/23	40.29	20.0	59.0
2014/8/24	49.63	11.0	83.0
2014/8/25	56.21	6.0	98.0
2014/8/26	44.63	20.0	95.0
2014/8/27	32.3	14.0	56.0
2014/8/28	36.21	16.0	59.0
2014/8/29	32.63	3.0	69.0
2014/8/30	15.42	8.0	28.0
2014/8/31	14.29	4.0	27.0
2014/9/1	29.67	14.0	51.0
2014/9/2	36.21	6.0	59.0
2014/9/3	34.21	7.0	66.0
2014/9/4	95.25	63.0	124.0
2014/9/5	63.71	43.0	97.0
2014/9/6	35.17	19.0	51.0
2014/9/7	27.17	17.0	37.0
2014/9/8	32.5	16.0	53.0
2014/9/9	28.04	20.0	37.0
2014/9/10	40.96	7.0	92.0
2014/9/11	9.79	1.0	20.0
2014/9/12	17.3	4.0	43.0
2014/9/13	9.91	2.0	32.0
2014/9/14	9.04	1.0	19.0
2014/9/15	8.48	1.0	17.0
2014/9/16	22.63	2.0	36.0
2014/9/17	12.42	4.0	24.0
2014/9/18	18.29	9.0	34.0
2014/9/19	37.71	7.0	101.0
2014/9/20	43.58	4.0	104.0
2014/9/21	10.21	3.0	20.0
2014/9/22	9.08	3.0	20.0
2014/9/23	13.75	3.0	25.0
2014/9/24	19.5	13.0	32.0
2014/9/25	46.87	28.0	58.0
2014/9/26	51.63	38.0	61.0
2014/9/27	32.54	11.0	48.0
2014/9/28	15.29	7.0	23.0
2014/9/29	43.63	7.0	113.0
2014/9/30	20.13	2.0	51.0
2014/10/1	22.67	9.0	34.0
2014/10/2	51.5	18.0	90.0
2014/10/3	43.29	14.0	73.0
2014/10/4	19.58	12.0	26.0
2014/10/5	31.71	17.0	52.0
2014/10/6	37.96	25.0	73.0
2014/10/7	28.46	18.0	45.0
2014/10/8	24.04	17.0	35.0
2014/10/9	24.75	17.0	35.0
2014/10/10	32.42	23.0	49.0
2014/10/11	34.26	27.0	45.0
2014/10/12	31.04	23.0	39.0
2014/10/13	30.9	23.0	36.0
2014/10/14	48.43	36.0	58.0
2014/10/15	90.33	59.0	128.0
2014/10/16	95.13	27.0	150.0
2014/10/17	17.75	12.0	25.0
2014/10/18	16.63	10.0	30.0
2014/10/19	20.38	10.0	33.0
2014/10/20	50.92	30.0	75.0
2014/10/21	65.5	14.0	129.0
2014/10/22	49.38	18.0	83.0
2014/10/23	35.82	19.0	46.0
2014/10/24	30.04	17.0	43.0
2014/10/25	27.67	20.0	35.0
2014/10/26	53.25	27.0	71.0
2014/10/27	44.04	17.0	83.0
2014/10/28	20.17	14.0	27.0
2014/10/29	27.13	16.0	38.0
2014/10/30	45.04	23.0	66.0
2014/10/31	52.54	20.0	95.0
2014/11/1	67.54	27.0	109.0
2014/11/2	58.46	31.0	103.0
2014/11/3	35.58	24.0	54.0
2014/11/4	38.17	30.0	54.0
2014/11/5	35.63	25.0	44.0
2014/11/6	126.04	36.0	216.0
2014/11/7	42.13	24.0	116.0
2014/11/8	28.58	18.0	42.0
2014/11/9	40.5	19.0	68.0
2014/11/10	65.5	43.0	90.0
2014/11/11	59.33	36.0	137.0
2014/11/12	125.25	21.0	209.0
2014/11/13	34.88	23.0	46.0
2014/11/14	48.08	28.0	64.0
2014/11/15	37.83	22.0	55.0
2014/11/16	72.0	41.0	124.0
2014/11/17	118.96	61.0	203.0
2014/11/18	60.83	47.0	78.0
2014/11/19	35.88	24.0	51.0
2014/11/20	34.46	21.0	57.0
2014/11/21	38.54	26.0	59.0
2014/11/22	69.42	38.0	119.0
2014/11/23	39.92	22.0	53.0
2014/11/24	29.71	12.0	68.0
2014/11/25	33.42	24.0	44.0
2014/11/26	47.87	35.0	63.0
2014/11/27	23.33	13.0	38.0
2014/11/28	64.67	19.0	88.0
2014/11/29	41.88	13.0	71.0
2014/11/30	43.79	16.0	95.0
2014/12/1	57.5	28.0	86.0
2014/12/2	44.92	31.0	74.0
2014/12/3	63.38	40.0	90.0
2014/12/4	94.25	62.0	131.0
2014/12/5	81.38	33.0	116.0
2014/12/6	79.83	37.0	111.0
2014/12/7	77.83	33.0	137.0
2014/12/8	102.63	53.0	187.0
2014/12/9	34.42	18.0	81.0
2014/12/10	61.54	21.0	126.0
2014/12/11	84.29	35.0	160.0
2014/12/12	81.04	47.0	111.0
2014/12/13	77.38	56.0	118.0
2014/12/14	83.08	68.0	120.0
2014/12/15	89.29	35.0	171.0
2014/12/16	76.33	29.0	187.0
2014/12/17	51.63	35.0	76.0
2014/12/18	68.04	38.0	124.0
2014/12/19	73.46	30.0	141.0
2014/12/20	58.04	31.0	119.0
2014/12/21	73.46	33.0	106.0
2014/12/22	78.21	42.0	114.0
2014/12/23	59.75	38.0	98.0
2014/12/24	132.88	82.0	206.0
2014/12/25	35.54	17.0	141.0
2014/12/26	28.79	19.0	46.0
2014/12/27	27.96	13.0	55.0
2014/12/28	69.83	21.0	138.0
2014/12/29	140.87	102.0	175.0
2014/12/30	123.04	84.0	199.0
2014/12/31	106.88	32.0	196.0
2015/1/1	44.42	22.0	63.0
2015/1/2	82.96	59.0	114.0
2015/1/3	97.13	73.0	111.0
2015/1/4	121.5	75.0	184.0
2015/1/5	81.21	41.0	161.0
2015/1/6	83.21	19.0	253.0
2015/1/7	42.58	16.0	75.0
2015/1/8	77.92	39.0	108.0
2015/1/9	151.63	92.0	183.0
2015/1/10	170.54	111.0	221.0
2015/1/11	185.63	66.0	255.0
2015/1/12	22.83	16.0	35.0
2015/1/13	23.38	15.0	33.0
2015/1/14	27.0	11.0	48.0
2015/1/15	85.13	50.0	120.0
2015/1/16	118.96	82.0	183.0
2015/1/17	78.21	24.0	223.0
2015/1/18	90.67	22.0	181.0
2015/1/19	90.13	42.0	132.0
2015/1/20	35.22	22.0	50.0
2015/1/21	106.7	32.0	211.0
2015/1/22	132.46	93.0	163.0
2015/1/23	113.29	81.0	139.0
2015/1/24	107.13	34.0	144.0
2015/1/25	131.29	30.0	364.0
2015/1/26	105.46	71.0	177.0
2015/1/27	55.25	16.0	143.0
2015/1/28	24.71	17.0	34.0
2015/1/29	20.88	13.0	35.0
2015/1/30	77.83	35.0	148.0
2015/1/31	38.75	19.0	73.0
2015/2/1	26.29	17.0	39.0
2015/2/2	32.21	23.0	37.0
2015/2/3	44.71	34.0	75.0
2015/2/4	179.33	45.0	271.0
2015/2/5	93.17	45.0	229.0
2015/2/6	76.29	58.0	100.0
2015/2/7	109.21	80.0	138.0
2015/2/8	48.96	12.0	180.0
2015/2/9	35.29	16.0	60.0
2015/2/10	56.58	40.0	77.0
2015/2/11	79.29	46.0	107.0
2015/2/12	161.13	31.0	266.0
2015/2/13	49.83	30.0	76.0
2015/2/14	56.5	28.0	80.0
2015/2/15	56.71	43.0	93.0
2015/2/16	113.21	77.0	155.0
2015/2/17	119.38	68.0	181.0
2015/2/18	65.88	29.0	95.0
2015/2/19	24.67	13.0	111.0
2015/2/20	20.25	16.0	26.0
2015/2/21	60.67	15.0	96.0
2015/2/22	121.04	84.0	171.0
2015/2/23	54.63	34.0	118.0
2015/2/24	46.21	35.0	61.0
2015/2/25	27.35	18.0	34.0
2015/2/26	56.67	25.0	127.0
2015/2/27	24.83	14.0	35.0
2015/2/28	20.83	14.0	35.0
2015/3/1	68.63	32.0	120.0
2015/3/2	94.5	69.0	138.0
2015/3/3	78.83	22.0	147.0
2015/3/4	25.08	19.0	34.0
2015/3/5	22.29	15.0	34.0
2015/3/6	31.13	23.0	40.0
2015/3/7	35.46	24.0	50.0
2015/3/8	31.21	19.0	58.0
2015/3/9	42.33	14.0	124.0
2015/3/10	25.29	16.0	34.0
2015/3/11	47.33	26.0	70.0
2015/3/12	68.46	47.0	88.0
2015/3/13	90.71	55.0	143.0
2015/3/14	97.21	54.0	157.0
2015/3/15	54.33	31.0	81.0
2015/3/16	31.63	19.0	52.0
2015/3/17	37.33	17.0	65.0
2015/3/18	52.33	18.0	109.0
2015/3/19	74.88	37.0	122.0
2015/3/20	61.33	47.0	75.0
2015/3/21	94.42	49.0	145.0
2015/3/22	63.08	29.0	144.0
2015/3/23	24.75	10.0	41.0
2015/3/24	17.29	10.0	24.0
2015/3/25	22.17	14.0	34.0
2015/3/26	25.09	15.0	39.0
2015/3/27	30.29	17.0	47.0
2015/3/28	68.25	28.0	125.0
2015/3/29	72.88	52.0	96.0
2015/3/30	35.41	24.0	47.0
2015/3/31	56.71	38.0	91.0
2015/4/1	46.25	22.0	84.0
2015/4/2	34.21	14.0	54.0
2015/4/3	64.08	35.0	98.0
2015/4/4	61.25	25.0	119.0
2015/4/5	50.92	6.0	104.0
2015/4/6	21.92	4.0	47.0
2015/4/7	24.57	16.0	33.0
2015/4/8	32.14	24.0	42.0
2015/4/9	25.4	21.0	38.0
2015/4/10	39.14	33.0	42.0
2015/4/11	36.56	27.0	46.0
2015/4/12	47.31	37.0	65.0
2015/4/13	41.8	36.0	55.0
2015/4/14	65.92	38.0	89.0
2015/4/15	70.54	40.0	90.0
2015/4/16	65.67	32.0	87.0
2015/4/17	33.5	22.0	42.0
2015/4/18	58.04	46.0	76.0
2015/4/19	111.22	22.0	206.0
2015/4/20	46.17	24.0	72.0
2015/4/21	38.39	22.0	54.0
2015/4/22	72.0	53.0	104.0
2015/4/23	75.5	64.0	87.0
2015/4/24	60.0	33.0	94.0
2015/4/25	67.0	37.0	92.0
2015/4/26	48.96	29.0	68.0
2015/4/27	54.5	49.0	60.0
2015/4/28	65.53	25.0	96.0
2015/4/29	47.86	26.0	63.0
2015/4/30	65.75	40.0	93.0
2015/5/1	43.13	25.0	59.0
2015/5/2	46.04	23.0	69.0
2015/5/3	58.88	35.0	94.0
2015/5/4	66.42	21.0	118.0
2015/5/5	23.33	16.0	31.0
2015/5/6	39.83	22.0	62.0
2015/5/7	51.29	29.0	83.0
2015/5/8	30.5	21.0	39.0
2015/5/9	26.79	14.0	40.0
2015/5/10	39.04	27.0	51.0
2015/5/11	29.83	15.0	56.0
2015/5/12	46.54	26.0	58.0
2015/5/13	44.13	32.0	58.0
2015/5/14	50.25	23.0	126.0
2015/5/15	38.5	21.0	61.0
2015/5/16	46.83	29.0	69.0
2015/5/17	41.79	26.0	72.0
2015/5/18	49.75	27.0	93.0
2015/5/19	71.58	51.0	97.0
2015/5/20	43.79	20.0	72.0
2015/5/21	23.13	12.0	31.0
2015/5/22	34.21	20.0	142.0
2015/5/23	40.17	17.0	148.0
2015/5/24	36.33	20.0	68.0
2015/5/25	31.5	18.0	45.0
2015/5/26	29.52	15.0	58.0
2015/5/27	42.0	32.0	61.0
2015/5/28	33.29	18.0	56.0
2015/5/29	28.17	6.0	46.0
2015/5/30	35.08	14.0	66.0
2015/5/31	49.0	22.0	72.0
2015/6/1	47.25	33.0	58.0
2015/6/2	32.96	5.0	63.0
2015/6/3	18.24	3.0	38.0
2015/6/4	24.5	7.0	41.0
2015/6/5	63.83	16.0	101.0
2015/6/6	56.08	11.0	97.0
2015/6/7	26.63	8.0	43.0
2015/6/8	16.83	3.0	47.0
2015/6/9	44.58	9.0	93.0
2015/6/10	33.33	6.0	87.0
2015/6/11	48.79	25.0	78.0
2015/6/12	55.5	40.0	70.0
2015/6/13	51.58	21.0	70.0
2015/6/14	35.25	24.0	55.0
2015/6/15	38.17	18.0	89.0
2015/6/16	28.04	20.0	38.0
2015/6/17	20.21	5.0	74.0
2015/6/18	21.58	8.0	42.0
2015/6/19	41.54	22.0	57.0
2015/6/20	35.38	20.0	59.0
2015/6/21	39.25	21.0	53.0
2015/6/22	25.67	9.0	47.0
2015/6/23	47.67	32.0	68.0
2015/6/24	53.17	29.0	80.0
2015/6/25	41.33	12.0	89.0
2015/6/26	33.63	16.0	54.0
2015/6/27	12.75	6.0	23.0
2015/6/28	13.0	3.0	30.0
2015/6/29	37.13	13.0	65.0
2015/6/30	52.63	8.0	87.0
2015/7/1	37.79	7.0	74.0
2015/7/2	55.96	16.0	90.0
2015/7/3	71.87	44.0	111.0
2015/7/4	25.57	14.0	52.0
2015/7/5	23.35	15.0	36.0
2015/7/6	18.56	12.0	39.0
2015/7/7	19.38	13.0	31.0
2015/7/8	25.29	16.0	42.0
2015/7/9	27.38	16.0	37.0
2015/7/10	21.58	14.0	34.0
2015/7/11	5.79	2.0	10.0
2015/7/12	20.42	1.0	42.0
2015/7/13	67.21	31.0	109.0
2015/7/14	62.25	31.0	91.0
2015/7/15	25.29	13.0	36.0
2015/7/16	27.21	18.0	45.0
2015/7/17	29.08	20.0	48.0
2015/7/18	22.54	14.0	32.0
2015/7/19	18.0	13.0	24.0
2015/7/20	21.13	11.0	28.0
2015/7/21	37.0	28.0	44.0
2015/7/22	31.92	14.0	55.0
2015/7/23	35.08	21.0	72.0
2015/7/24	31.79	25.0	54.0
2015/7/25	48.75	20.0	78.0
2015/7/26	60.75	25.0	94.0
2015/7/27	44.33	27.0	67.0
2015/7/28	44.92	22.0	70.0
2015/7/29	42.04	26.0	59.0
2015/7/30	31.21	15.0	55.0
2015/7/31	36.42	27.0	51.0
2015/8/1	50.25	32.0	71.0
2015/8/2	42.21	26.0	58.0
2015/8/3	39.33	25.0	57.0
2015/8/4	39.96	23.0	80.0
2015/8/5	34.38	19.0	56.0
2015/8/6	21.42	11.0	39.0
2015/8/7	18.29	8.0	68.0
2015/8/8	11.08	6.0	19.0
2015/8/9	10.83	6.0	19.0
2015/8/10	16.79	7.0	35.0
2015/8/11	17.13	9.0	26.0
2015/8/12	30.13	19.0	44.0
2015/8/13	43.75	30.0	55.0
2015/8/14	32.54	22.0	49.0
2015/8/15	22.71	16.0	31.0
2015/8/16	31.54	22.0	40.0
2015/8/17	40.46	30.0	50.0
2015/8/18	41.5	29.0	57.0
2015/8/19	22.83	14.0	33.0
2015/8/20	37.5	15.0	88.0
2015/8/21	19.25	6.0	32.0
2015/8/22	16.63	7.0	28.0
2015/8/24	20.25	6.0	44.0
2015/8/25	32.63	12.0	53.0
2015/8/26	55.5	8.0	116.0
2015/8/27	83.58	49.0	119.0
2015/8/28	78.5	62.0	107.0
2015/8/29	61.63	47.0	77.0
2015/8/30	53.0	27.0	67.0
2015/8/31	36.92	22.0	51.0
2015/9/1	41.13	32.0	50.0
2015/9/2	57.88	24.0	79.0
2015/9/3	64.75	36.0	84.0
2015/9/4	58.46	40.0	73.0
2015/9/5	36.5	7.0	55.0
2015/9/6	28.38	1.0	64.0
2015/9/7	14.63	6.0	32.0
2015/9/8	11.96	6.0	20.0
2015/9/9	10.33	6.0	20.0
2015/9/10	17.25	6.0	26.0
2015/9/11	22.61	3.0	53.0
2015/9/12	45.88	20.0	75.0
2015/9/13	27.04	4.0	80.0
2015/9/14	17.5	9.0	31.0
2015/9/15	20.54	10.0	46.0
2015/9/16	19.0	6.0	35.0
2015/9/17	24.04	9.0	43.0
2015/9/18	29.04	10.0	49.0
2015/9/19	18.58	8.0	31.0
2015/9/20	37.25	22.0	50.0
2015/9/21	32.17	15.0	51.0
2015/9/22	29.38	19.0	42.0
2015/9/23	27.23	16.0	52.0
2015/9/24	20.33	11.0	29.0
2015/9/25	26.71	17.0	35.0
2015/9/26	30.38	13.0	46.0
2015/9/27	26.08	6.0	51.0
2015/9/28	23.71	13.0	37.0
2015/9/29	8.0	1.0	17.0
2015/9/30	15.5	1.0	30.0
2015/10/1	31.13	1.0	84.0
2015/10/2	31.79	19.0	44.0
2015/10/3	33.71	22.0	42.0
2015/10/4	24.25	8.0	43.0
2015/10/5	24.04	6.0	36.0
2015/10/6	17.0	5.0	32.0
2015/10/7	15.13	5.0	29.0
2015/10/8	19.0	4.0	38.0
2015/10/9	63.79	33.0	97.0
2015/10/10	40.95	2.0	98.0
2015/10/11	46.32	12.0	80.0
2015/10/14	59.73	27.0	111.0
2015/10/15	26.08	10.0	41.0
2015/10/16	36.0	28.0	49.0
2015/10/17	28.96	9.0	52.0
2015/10/18	39.04	24.0	55.0
2015/10/19	37.42	23.0	59.0
2015/10/20	34.42	17.0	52.0
2015/10/21	41.92	30.0	63.0
2015/10/22	75.25	42.0	114.0
2015/10/23	42.33	36.0	52.0
2015/10/24	42.0	30.0	51.0
2015/10/25	44.08	27.0	80.0
2015/10/26	43.79	23.0	66.0
2015/10/27	70.96	36.0	88.0
2015/10/28	59.96	43.0	75.0
2015/10/29	37.21	19.0	56.0
2015/10/30	31.21	16.0	62.0
2015/10/31	23.04	11.0	32.0
2015/11/1	41.08	22.0	90.0
2015/11/2	113.38	84.0	170.0
2015/11/3	84.29	40.0	143.0
2015/11/4	34.92	21.0	43.0
2015/11/5	38.39	25.0	50.0
2015/11/6	21.09	12.0	35.0
2015/11/7	48.13	15.0	124.0
2015/11/8	62.21	34.0	119.0
2015/11/9	85.5	39.0	114.0
2015/11/10	58.39	30.0	88.0
2015/11/11	36.52	24.0	48.0
2015/11/12	59.0	59.0	59.0
2015/11/13	48.33	40.0	53.0
2015/11/14	124.21	57.0	166.0
2015/11/15	102.13	55.0	160.0
2015/11/16	71.08	41.0	121.0
2015/11/17	29.67	12.0	50.0
2015/11/18	28.88	9.0	48.0
2015/11/19	33.32	23.0	44.0
2015/11/20	44.46	32.0	62.0
2015/11/21	27.13	16.0	64.0
2015/11/22	31.08	16.0	41.0
2015/11/23	33.04	13.0	60.0
2015/11/24	25.04	8.0	34.0
2015/11/25	38.0	6.0	80.0
2015/11/26	57.17	41.0	69.0
2015/11/27	45.38	32.0	78.0
2015/11/28	64.58	45.0	80.0
2015/11/29	74.13	48.0	103.0
2015/11/30	116.58	69.0	187.0
2015/12/1	54.67	33.0	97.0
2015/12/2	74.58	42.0	115.0
2015/12/3	54.5	33.0	88.0
2015/12/4	50.5	36.0	78.0
2015/12/5	65.67	42.0	77.0
2015/12/6	102.04	57.0	146.0
2015/12/7	79.38	27.0	156.0
2015/12/8	33.42	20.0	48.0
2015/12/9	37.83	15.0	47.0
2015/12/10	41.17	17.0	72.0
2015/12/11	78.96	24.0	180.0
2015/12/12	49.33	27.0	58.0
2015/12/13	62.46	43.0	92.0
2015/12/14	146.59	91.0	233.0
2015/12/15	220.96	157.0	281.0
2015/12/16	68.92	24.0	210.0
2015/12/17	45.42	28.0	57.0
2015/12/18	51.38	32.0	59.0
2015/12/19	37.5	26.0	48.0
2015/12/20	50.04	28.0	103.0
2015/12/21	138.25	93.0	187.0
2015/12/22	89.25	61.0	142.0
2015/12/23	202.0	106.0	284.0
2015/12/24	67.43	36.0	138.0
2015/12/25	175.13	141.0	228.0
2015/12/26	82.15	51.0	187.0
2015/12/27	66.04	26.0	135.0
2015/12/28	40.79	21.0	63.0
2015/12/29	58.46	36.0	73.0
2015/12/30	93.25	35.0	183.0
2015/12/31	137.54	77.0	212.0
